536
465
388
792
634
387
136
994
905
893
646
262
589
607
403
103
513
902
530
431
703
489
488
39
472
323
633
764
741
224
78
120
410
862
565
828
365
954
858
774
692
332
530
531
538
952
844
12
802
754
809
936
798
2
514
454
740
469
394
885
200
963
36
594
557
61
347
407
907
654
996
812
562
905
943
330
477
201
521
609
198
679
209
724
971
490
531
246
438
303
447
215
745
719
931
340
491
122
405
711
270
416
264
762
123
16
671
257
57
43
266
65
830
20
936
123
140
805
535
933
361
446
708
624
868
968
171
491
405
382
942
236
382
400
41
857
71
78
539
636
682
981
452
645
864
986
510
122
473
144
720
761
15
133
704
864
6
709
903
19
615
166
259
864
719
346
111
446
98
966
284
252
155
715
259
909
559
892
316
537
504
543
415
294
676
859
428
755
843
781
806
615
272
882
268
982
470
916
819
661
392
297
747
713
49
334
95
419
391
749
403
14
663
980
891
400
97
192
54
528
440
463
229
821
858
631
832
956
907
717
292
902
736
192
433
6
723
701
363
23
213
837
29
218
263
355
424
208
813
472
581
843
172
81
781
27
374
752
353
299
684
834
431
705
55
190
505
109
670
793
972
92
704
587
962
106
237
207
53
941
426
809
91
122
100
674
748
55
595
499
920
579
288
159
105
214
958
117
745
558
285
684
761
822
49
777
649
186
957
354
171
691
159
965
821
466
373
952
463
719
400
166
792
888
971
294
925
583
256
975
961
860
819
950
115
643
810
197
778
498
405
105
598
233
898
466
113
748
413
859
619
272
380
236
706
811
645
984
27
956
469
645
485
845
856
377
657
273
986
964
432
789
777
732
457
934
777
988
782
378
381
741
138
769
836
350
148
114
5
243
984
680
455
307
623
967
893
478
853
791
865
804
951
404
810
180
506
135
332
573
232
669
101
766
989
220
267
425
273
494
396
961
159
811
213
429
283
770
602
854
890
689
64
538
850
773
670
706
854
443
245
139
326
649
359
835
954
955
79
438
280
122
827
857
498
664
863
581
615
241
336
653
976
765
823
291
892
789
743
590
658
307
750
261
258
351
883
649
957
656
242
19
920
409
689
169
327
106
667
715
813
767
282
103
501
147
384
663
833
788
248
630
48
492
987
128
533
411
945
619
943
724
702
806
454
588
532
503
106
957
123
968
915
164
908
246
404
443
231
628
892
423
338
19
337
676
425
369
708
10
529
869
502
745
777
138
874
824
85
882
830
720
581
693
621
565
738
885
847
488
888
227
931
61
715
951
176
218
809
460
644
517
860
900
729
556
828
375
9
911
580
498
418
846
614
222
539
607
274
168
453
804
75
958
843
529
466
379
308
235
420
643
683
585
474
152
693
947
736
259
395
948
183
930
566
344
52
732
673
804
534
407
331
617
782
668
947
617
958
861
700
546
360
967
703
676
446
10
274
566
606
128
225
769
292
927
808
449
121
240
512
653
720
332
899
317
222
467
520
954
611
287
981
502
444
676
208
480
316
187
585
865
613
900
701
250
489
410
487
89
100
633
631
167
451
115
706
946
500
331
379
927
848
216
843
547
507
655
430
493
97
658
414
311
623
874
549
469
826
432
833
997
620
891
850
723
205
24
612
152
933
670
278
419
138
64
907
861
569
965
865
946
232
667
811
357
2
826
420
611
660
866
432
508
986
140
966
625
407
410
25
839
133
556
321
484
64
663
22
900
212
281
914
660
715
510
932
815
122
31
286
178
701
798
775
290
835
722
411
297
742
568
436
376
335
361
206
499
596
555
958
281
219
597
575
65
952
165
930
508
896
51
79
663
425
129
952
805
254
406
866
977
446
427
550
666
338
283
866
863
934
162
231
941
436
447
876
947
802
545
714
229
822
852
665
382
409
724
549
978
889
812
324
588
208
190
753
277
844
84
587
451
164
970
750
245
597
769
129
308
305
600
41
361
815
676
896
756
840
867
139
595
156
771
870
838
559
61
341
669
885
923
524
219
64
102
343
995
522
239
312
937
905
33
428
744
823
556
381
234
232
137
267
992
218
256
723
534
201
506
599
795
708
849
285
899
603
851
831
611
919
820
499
979
946
665
428
499
888
1
956
357
166
191
110
527
448
224
469
17
550
406
986
306
886
36
498
765
96
330
761
1
418
902
183
672
969
190
643
120
360
626
444
837
448
704
824
159
796
461
930
305
88
539
424
993
319
422
806
751
651
817
509
959
23
797
589
130
787
590
939
9
973
237
596
802
165
196
652
295