367
737
1392
1282
1637
1679
1696
1663
1791
1789
596
1045
526
1698
361
1171
1494
141
579
762
1539
278
1391
1120
483
763
383
1296
968
1952
1327
1346
1766
1554
78
862
1408
683
846
753
1349
297
944
912
1601
185
460
1214
1093
1629
1501
978
1394
709
1037
1429
1023
1562
1668
1576
1747
708
1113
122
1706
1790
1244
321
486
1159
1214
103
540
1970
917
839
1398
16
1007
1598
1099
801
1928
1644
1603
995
22
237
1422
353
1151
893
541
1089
606
298
1776
637
712
1440
1124
1370
1115
1351
1267
622
599
981
1596
29
732
1941
460
555
979
1130
1231
1011
1969
1516
490
372
766
721
308
1869
695
1448
21
982
1705
98
1120
1921
772
977
1839
919
1665
1993
1152
1632
1430
1573
1589
1774
1382
889
966
656
1968
153
614
133
1210
945
97
613
1822
1960
1200
1678
763
173
598
169
1147
486
1012
1073
1005
1772
1415
433
1130
1842
19
263
709
71
837
493
1049
830
1671
256
516
363
1979
249
806
1358
1941
1468
785
664
737
414
1235
1099
111
118
1308
1806
1378
1863
1099
120
1383
727
456
1202
1562
1458
1017
1074
1624
284
1213
176
572
1517
1297
1868
444
1567
1851
1421
1207
133
1468
221
116
185
1380
114
246
1692
180
1169
76
295
1664
296
1052
1064
1355
1352
375
409
768
1014
730
900
631
584
1939
1175
634
1874
1759
808
159
188
1948
1193
779
583
1817
959
1765
742
677
217
798
1286
1079
559
951
145
309
1119
855
329
780
1116
1399
1608
1080
699
1681
218
1076
1945
711
1523
1663
802
389
518
1719
607
87
391
1857
118
1360
1597
1375
843
98
1631
527
822
112
1369
401
1273
1406
910
200
837
169
1142
1865
918
857
1872
170
867
474
1335
1107
1212
740
1147
1405
1241
951
1716
1802
1668
1402
680
905
1291
1622
767
1629
988
446
1557
822
121
1391
197
5
1380
1253
148
1415
1469
814
764
1455
88
812
1398
477
967
1056
377
3
1855
765
1105
28
1684
130
1037
177
736
1313
1112
1722
1958
1444
612
895
1985
182
786
187
1875
1061
1483
77
1352
702
526
1001
469
496
1053
576
1524
518
755
1319
950
255
1917
647
789
1651
1456
1826
1104
915
982
264
1869
1777
1597
383
476
228
16
21
465
50
1648
877
1280
1879
744
1249
1113
246
308
1284
1792
1183
519
850
806
336
177
312
853
1278
818
1379
273
514
1277
755
33
1587
1921
1858
1785
1728
1690
1114
749
814
650
1168
1445
1354
939
930
720
589
1744
571
1098
1812
849
1050
1869
21
35
179
992
687
506
1119
1722
219
1343
773
1310
468
1029
1342
71
967
949
69
580
337
1839
1824
1100
669
1320
789
1274
609
1111
1894
177
217
434
607
948
1901
681
1205
848
1697
1596
17
1317
1886
1267
988
971
413
1654
943
656
1801
1550
1262
670
76
667
59
302
71
846
1228
401
1651
1108
1009
1683
1734
1758
1302
1797
714
333
871
1615
1917
468
1621
1012
177
133
17
882
281
729
54
1139
162
168
1937
1859
297
475
899
502
948
901
942
1891
1976
438
135
1485
1783
685
1022
1447
1622
1803
316
389
1935
1451
219
224
6
128
750
1317
57
1699
581
383
1260
775
638
1554
582
1678
1147
1900
365
308
1698
127
1276
1407
1204
523
515
1675
768
272
1244
1353
261
606
721
959
1201
530
1926
66
1331
1925
973
442
895
1406
823
1476
304
76
619
1165
1095
1154
1533
621
1947
1455
1046
1022
1341
90
1930
1
1632
1383
1423
1002
345
1742
487
1069
1920
398
1018
466
921
1503
1639
607
982
1778
1470
1121
690
310
1710
757
459
554
561
482
1192
1797
828
1184
220
59
697
783
1120
1605
729
188
1314
491
1933
1030
1549
1499
549
1759
1277
1814
1428
1061
684
486
1936
1218
1510
705
100
310
134
65
311
1742
117
1504
747
891
1284
821
877
169
925
1257
1024
1984
963
1518
1280
476
361
742
180
548
958
746
17
1363
1738
1416
657
182
1713
105
502
139
1606
1558
1271
608
1062
1195
280
1409
652
1469
728
537
470
1637
302
977
1315
66
491
335
534
1384
1381
1268
1894
125
1919
467
1093
970
290
960
1218
1378
907
488
600
1547
1932
1481
1410
614
1856
1836
1269
1581
1216
1850
1034
1251
1148
318
1662
1931
406
1289
1351
480
215
893
1601
1892
1453
1829
1486
276
908
1654
247
868
1904
716
331
1511
20
1727
1548
1717
259
796
1042
50
1029
1167
429
537
479
1086
900
98
1333
69
1968
455
622
1166
552
698
1532
1165
1651
1111
1636
1965
242
753
88
234
7
11
1641
303
780
169
1173
570
137
27
949
40
1076
721
1381
1228
290
1618
1035
933
725
896
1054
1156
754
1265
884
1063
1692
1734
804
269
1700
172
535
1399
1373
1718
649
1377
966
1030
317
1226
1667
866
1147
302
822
1028
1737
1462
745
1289
399
755
794
1501
1215
894
1849
1251
1585
1598
1660
412
1146
444
1308
1725
174
1525
1953
1851
1082
247
1234
901
151
964
1687
1456
996
1400
1977
248
1812
1612
357
300
34
1000
1705
1687
206
1235
1633
1947
167
690
902
215
1300
1939
1338
633
1255
201
1153
859
217
138
1316
991
1486
1971
954
943
1556
259
105
1697
786
940
538
1579
1972
1578
432
1013
1624
1099
1111
851
1560
471
1408
1040
1372
51
727
61
1441
1353
770
1970
160
1384
1219
1803
285
1707
750
860
973
120
1939
1412
653
1748
1438
1124
296
1125
1426
1546
1266
171
1132
1759
67
1791
598
1864
604
738
1559
934
1854
1128
1063
883
1146
1634
361
1006
560
1254
868
1448
1517
1235
1861
118
891
1716
52
1261
292
127
508
1827
852
577
1388
1956
537
1436
1508
192
1652
1928
1535
1809
1573
954
1287
1689
1117
656
35
1775
258
984
988
348
1223
1506
883
1870
1464
1173
1773
450
714
321
586
435
151
208
1929
1075
874
332
839
1592
1004
1517
1726
1117
952
422
310
452
397
939
1751
477
1167
926
1610
503
1741
1995
1230
38
1618
1057
1178
1545
1296
981
1949
526
1365
1122
1250
1188
1058
1623
650
164
749
1015
1210
855
179
1280
651
1200
1199
465
1197
764
1925
1166
1506
43
1714
1303
533
1691
1252
660
113
1656
1524
949
1907
1687
472
1529
1380
1901
1673
280
1346
197
810
1266
233
1631
569
825
1911
1918
1487
332
102
40
109
1235
408
1109
68
765
390
283
1260
52
488
522
154
214
381
897
98
1757
605
1884
1323
1316
804
1755
420
1415
439
1288
270
166
774
833
1550
141
629
1016
1487
1449
1154
1585
1794
863
781
766
954
1328
460
843
2000
1406
1983
655
985
898
663
881
1130
1572
798
17
1997
1486
1794
1511
838
1623
202
1495
575
275
484
1052
865
1661
931
1433
1248
1375
432
441
312
371
999
1094
1529
1747
1327
1317
670
487
1277
943
667
1932
1396
1531
1223
725
873
176
1996
490
1852
1454
1897
13
1545
576
1036
1903
1123
1831
1451
580
1597
848
1704
290
969
22
1562
1419
1690
410
1889
1875
854
397
1757
897
1737
1561
559
1017
545
1431
1308
256
1274
1359
1090
158
1940
727
203
634
957
997
1624
1142
850
1498
820
171
1931
1907
1574
1094
708
801
799
26
550
710
1282
1834
1761
374
1995
1150
152
595
1556
74
722
789
232
33
769
1989
69
1535
1260
564
318
756
269
119
1122
1029
764
1581
250
736
468
150
1870
1796
1109
258
1258
1285
1862
567
997
1640
1532
605
166
562
1327
1767
1939
934
1627
1707
272
693
1728
940
1952
1132
1079
1960
1420
513
1266
1600
1680
399
1261
141
512
795
1083
726
324
785
101
1412
1724
1037
1916
1645
1669
1315
832
864
1344
1518
358
1830
619
1458
1136
1949
649
364
1672
271
1288
14
1589
733
1813
50
1111
1972
829
910
780
1918
1945
681
1026
1804
1960
373
609
1459
142
1879
981
1278
1529
663
564
1354
102
1090
340
1595
1494
1752
1229
1486
1999
211
551
500
901
1303
1370
891
1586
1608
1563
1135
1523
1565
69
1296
1453
90
1416
1879
1878
1782
113
845
263
1077
1177
1933
370
1178
1272
559
1423
43
154
851
1469
1166
423
1447
174
1681
1787
1164
395
985
1192
1279
290
251
1572
1932
38
205
153
1275
1155
208
1344
652
1408
1968
1107
1925
335
1730
42
1246
1597
292
344
1056
974
768
1453
121
468
795
717
1222
1708
1410
1387
1207
1067
1112
1594
1648
1507
1954
1363
1938
1496
117
648
878
704
111
1754
87
464
1687
1194
289
834
351
647
658
1028
1466
15
644
1464
646
1056
1182
1334
966
22
750
1598
1789
1141
1160
1626
1315
101
264
1256
720
1574
767
1952
1023
1155
328
643
1288
182
1972
1766
242
1912
1737
1860
1423
1186
417
229
1335
219
931
51
911
357
878
707
304
4
314
1561
430
517
275
1263
685
988
1123
486
217
1411
335
1209
1009
831
1559
1855
1867
408
1595
1005
825
23
851
612
432
273
1409
1564
99
630
294
1543
870
1680
81
1470
311
109
137
286
269
905
1430
1095
1222
950
1424
1161
756
1772
222
1422
1794
778
1018
1535
1345
1504
1974
1523
608
308
861
1844
725
1939
1383
792
1765
1421
1412
137
1251
1749
1847
140
1243
1651
17
436
911
54
585
884
1768
1891
1805
1262
1432
851
1741
108
1903
756
1542
868
889
1328
229
446
680
1914
748
932
1977
815
548
338
1711
1596
869
1512
1993
1731
984
714
224
987
236
317
623
1143
320
364
627
1222
1526
1139
872
62
928
711
1246
1931
1397
1522
1595
1160
1465
402
549
1964
655
1527
992
1811
834
1302
24
193
147
1542
227
851
859
1646
582
1990
1827
1156
1401
129
1786
1095
261
73
1228
1180
434
1323
8
309
1855
1885
884
1092
1357
1380
1181
1089
1845
454
701
1439
1792
1377
919
984
634
603
1621
1833
459
1397
1054
1718
37
576
437
1930
956
302
1272
1043
1742
981
562
552
1784
452
561
1084
1346
591
155
617
689
352
1143
1945
7
1761
604
278
1622
495
359
18
723
925
260
513
1599
1237
399
44
797
1916
654
107
298
645
660
1972
97
1770
968
1580
442
1126
1357
1932
191
104
364
1897
1757
1808
1190
206
1563
591
9
1502
520
304
1272
605
1112
590
866
73
1730
373
480
1772
1381
549
1337
1989
284
443
76
453
1271
1824
1025
299
416
1773
1658
1042
1155
1016
839
393
1867
793
1710
1415
141
1966
806
867
32
1269
1590
613
1214
885
100
854
1810
1797
427
966
1093
146
1736
911
723
636
503
756
1420
978
1880
1063
367
1215
819
955
1208
1519
528
1806
1678
1128
637
1753
1554
623
1619
801
1339
701
126
98
1707
82
897
69
890
1050
1772
1049
1429
1303
97
453
1708
1
817
1963
1411
868
1014
1882
955
1699
988
909
120
718
794
873
1929
467
193
908
1825
1783
1029
1886
109
1740
584
1966
726
352
1440
3
238
1510
198
553
588
1928
292
737
142
1804
961
857
1672
1706
518
555
332
1949
898
168
559
7
342
612
299
759
1077
366
309
1597
988
1501
1890
1269
1473
1003
1342
1268
884
227
272
47
1066
1392
1698
1878
1247
1770
1688
191
1794
791
1435
409
374
83
1851
297
1485
433
1278
1625
640
1059
465
833
1719
1813
1956
1715
375
949
1553
749
1388
1504
1533
806
914
120
222
1889
1481
1022
780
1653
884
40
418
1800
1218
548
1629
1490
1338
1051
1711
767
1197
819
1365
258
836
1801
313
1845
1643
937
623
712
648
189
1275
1624
1696
1306
1054
207
1913
906
1927
298
368
1232
1387
151
400
944
1509
907
5
687
1179
112
1826
1769
268
1085
994
587
1464
217
57
697
640
563
933
229
17
1328
1640
1251
1577
299
1091
1031
1073
1575
1014
782
1541
1940
1737
958
521
1064
1341
1674
1774
356
785
222
522
1410
64
604
983
53
698
1153
1325
551
838
257
1140
925
1362
574
822
1642
1896
1816
1599
1089
1037
609
397
340
1773
1799
1695
1473
1226
377
1178
1180
665
1381
1881
1222
192
1228
1506
1426
1658
1630
1306
772
572
691
165
1399
324
14
1229
171
75
1525
1356
761
990
909
170
1046
591
1373
305
1876
485
1133
1893
665
1439
1965
1063
490
38
1017
743
1415
730
1232
651
446
618
1758
757
1900
850
107
1215
315
735
1158
1851
362
1845
1938
250
1480
52
1400
1312
1923
374
1006
1807
1357
1038
1513
781
1874
92
1539
167
737
1992
788
1568
1337
330
1338
1181
154
1201
936
1555
413
1636
869
1018
1966
1326
1559
1990
803
201
821
1515
1983
1274
1127
869
1167
1455
921
1033
1757
1706
385
1641
914
1349
396
102
1302
1536
975
1683
378
1209
1603
1394
575
644
419
883
299
1355
603
1444
1705
1270
1250
1377
429
234
270
1282
1051
1738
981
1845
897
1882
1415
1097
1740
1383
821
1361
948
176
867
570
760
67
212
1441
431
622
851
1400
1358
443
810
206
255
705
1980
1759
390
1346
1576
1843
139
690
1677
1281
1249
1725
1457
480
853
1029
1360
482
1121
1741
318
591
513
844
38
1510
447
545
1897
442
140
915
1038
1590
513
1922
470
1345
1200
189
1184
768
274
1651
1243
1696
1059
1235
1526
48
929
378
496
1089
616
1493
1997
1480
1251
1215
1234
1916
1583
1020
890
1736
800
593
1322
1983
1303
1434
1049
518
646
144
1768
1349
1606
1881
1743
1467
1299
91
1134
1788
1379
1727
1701
1279
486
532
1993
1116
809
935
1466
788
644
687
1749
1823
1884
445
1529
220
1974
1748
909
1233
1667
1217
470
1255
324
679
981
934
1035
217
146
1328
395
1090
456
133
585
903
343
1643
1915
746
761
1798
678
560
1513
510
1389
270
701
412
923
1796
1585
1337
725
67
1703
1892
618
674
359
1611
695
914
990
1012
349
1966
1784
1187
487
741
139
1525
602
779
1921
885
479
440
830
1807
1663
1395
749
686
1198
1694
1376
1181
545
832
1910
1371
1528
247
666
1160
332
1260
1133
76
314
810
208
1981
1588
768
475
299
976
945
289
718
308
996
671
511
903
1095
1026
1919
710
1450
427
340
1341
510
1952
884
362
450
1365
1540
1729
1922
1814
506
435
1420
686
650
146
852
658
67
1312
999
1778
303
1255
829
28
1586
980
716
745
782
319
1019
1199
885
439
325
188
833
823
596
907
1502
1969
1443
452
1936
1041
564
1022
1330
639
1015
677
362
710
70
90
1035
1722
1514
498
794
1174
107
1944
825
1449
1976
350
1264
1712
1247
209
893
1848
405
1225
1348
1590
792
1603
1717
1044
675
246
166
1196
217
1571
1903
1860
862
311
1964
864
1318
342
1443
1900
1478
1838
1740
1949
1298
918
886
55
1631
1094
1265
1580
1348
1582
1107
1318
1868
1193
944
5
293
4
351
1817
1550
807
1535
1548
1477
502
290
112
1598
1024
1932
1806
1944
221
423
276
295
1162
1873
83
644
621
1631
82
781
1820
1592
409
364
1922
110
882
1415
723
1472
1116
1122
258
131
1451
522
529
1750
1689
1001
220
470
1051
1416
1924
466
992
1616
1743
1800
1955
630
1071
1850
1248
1602
617
1887
1346
1129
705
686
591
1823
248
1837
497
935
236
1124
1321
242
1032
767
933
1568
1582
886
644
571
24
971
514
99
1118
1715
464
1352
1690
1968
334
1970
1254
283
1556
907
106
1955
602
1850
1746
418
404
1822
1074
1263
1405
1644
975
1111
723
941
1651
214
109
1245
731
1358
225
601
1567
493
560
67
1418
1057
138
10
623
1869
209
858
1345
1604
1387
1615
91
1665
1127
418
717
85
580
909
1282
897
438
1622
51
823
1442
1023
655
707
1928
1768
192
325
297
1903
314
1603
165
367
1728
873
1920
1248
912
1207
1659
1091
18
713
1466
278
666
1637
1144
815
1704
1778
355
1812
1830
1375
458
1689
1294
211
766
609
840
959
1007
1997
1295
1117
737
506
151
373
801
1805
65
1108
1849
1839
755
1446
1758
1651
490
59
263
589
990
36
405
480
1626
1744
825
1659
1086
1078
967
239
1820
167
1562
712
616
1118
463
29
48
1580
1014
1197
1801
816
1824
883
564
1599
35
3
1080
1099
1609
1036
1459
639
1716
1066
1699
1576
592
850
1533
1525
97
974
1552
1990
1554
213
1448
1532
1415
857
102
918
980
1901
772
1205
1337
1811
582
1805
289
1206
1814
1414
900
1037
739
1140
690
264
859
210
999
1217
572
1629
139
1252
1391
981
419
282
1602
1660
646
1352
905
129
1341
1299
766
628
1758
980
774
923
357
754
831
1914
1510
901
1707
173
1972
1664
841
1123
471
349
1968
1025
1004
1936
103
1040
444
1550
1161
505
1308
1395
14
1598
1531
605
1667
456
949
729
818
407
1016
602
1169
1248
254
1862
1216
417
1760
470
1623
1141
1803
18
1662
150
1482
1878
990
667
1448
599
446
768
829
1205
824
579
1072
1136
1120
194
1406
868
935
2
312
1590
29
1896
571
1653
743
648
1548
1292
389
1080
13
1550
1456
346
1901
366
1033
1276
399
1567
146
555
1672
803
1207
1665
393
1059
608
1483
963
120
1475
1007
1157
1322
343
560
395
1490
1365
1619
765
259
390
988
113
22
883
1892
1196
980
650
287
54
1966
1481
1402
1719
1880
1825
1279
835
1801
793
1391
1665
1644
659
810
1088
1946
166
408
212
1475
1033
1851
627
1935
1153
1855
585
588
1717
1725
201
1073
1627
1170
813
1816
41
907
194
218
909
1989
1373
364
1411
1394
1579
630
1066
1036
827
1464
1109
498
225
38
1659
103
393
351
1088
1798
1513
1961
711
432
1083
235
542
1214
57
92
1038
1577
1151
1778
421
177
585
66
1079
989
1633
1869
1554
674
1526
503
199
1088
668
1511
343
1624
263
754
98
884
455
537
190
1994
857
801
431
574
1288
1084
4
701
1680
332
1442
283
782
126
1142
1177
381
953
1052
446
609
1702
1012
680
1724
1637
1206
797
1943
1198
287
395
777
1573
1152
1398
1172
216
1026
1005
1769
1183
608
190
1572
186
857
1725
235
1462
1138
271
1035
1779
787
184
904
1359
35
778
265
1848
332
492
499
46
1058
611
1803
8
437
440
1752
1821
127
1109
208
1000
1738
1783
723
1920
1685
993
1286
811
1747
1791
203
1435
1475
726
895
1508
1124
276
1368
1553
1017
1880
200
1111
227
1650
1834
40
406
1145
864
1718
6
1329
733
1697
884
1952
1096
1261
213
451
34
495
149
1988
1541
91
1788
188
134
58
139
648
1885
1889
481
353
1122
147
302
206
563
371
224
1381
33
1584
1877
169
1718
1476
842
48
1670
966
1757
1818
339
598
22
263
1109
909
1850
1886
338
1356
377
1547
1724
798
669
682
1583
787
1447
1840
696
1322
1884
1489
49
1133
559
1394
43
730
1958
793
275
1039
724
955
1233
598
1531
256
38
1732
1222
935
1742
635
41
1072
566
1773
1360
711
350
741
914
1937
15
1103
1503
1452
683
1560
1158
1058
689
1962
960
285
1458
1459
664
747
1623
1343
235
841
1107
434
1944
779
1248
502
652
1902
129
1949
619
1686
583
280
1492
1275
1326
362
1392
759
1190
1174
241
1295
1259
1058
1513
1215
1780
1235
1099
981
1968
1221
1947
1312
1176
9
1529
469
1525
622
62
867
830
1421
1211
575
1313
737
1879
1210
1018
65
1859
1333
1675
1252
1506
243
1562
1100
354
705
670
1449
1606
1074
436
1583
1751
88
1665
107
1112
1950
1455
791
174
282
213
1502
1850
460
471
70
908
680
255
1180
1840
1102
755
1646
1089
1915
1554
605
822
430
412
1217
1115
561
748
1715
1941
1245
73
595
1509
576
1054
1460
442
5
212
53
1714
1748
1325
1239
1231
1833
1378
36
1895
184
636
69
1520
1165
1321
1797
946
819
1691
144
1624
158
1711
891
1137
121
551
1191
506
752
31
521
535
1800
1254
194
291
1592
866
1900
1258
1808
562
1259
155
1351
474
1343
1602
1558
1959
639
820
1322
83
537
633
1492
1940
227
458
890
1866
1809
1058
77
1825
819
1364
1623
311
1728
696
718
522
1435
509
1584
1857
1658
584
1952
1873
1882
1935
334
793
1365
1520
1346
1454
1963
37
308
1389
1128
1730
1412
6
995
1564
2
1124
1867
474
1959
254
4
705
1047
1542
850
1060
1925
892
1446
1755
1137
193
472
1760
1310
1066
315
3
96
1366
1808
1548
1083
1441
1060
1644
510
1479
1342
1866
1287
677
444
1923
459
1664
1619
1609
897
195
456
1271
847
555
906
924
1245
1569
1712
672
1095
1472
545
1996
1222
1542
407
957
414
892
611
1318
230
1357
1690
692
89
1022
731
1100
1172
689
979
1622
1417
1457
1111
1887
744
701
725
1751
1100
1115
1893
276
1335
361
1882
1745
788
317
66
314
126
1018
405
812
237
1575
373
1389
475
1536
589
824
611
1426
1401
129
440
550
983
1524
906
727
61
1296
202
122
925
323
1528
1273
1383
399
1964
1866
1376
321
959
903
553
243
1333
1724
1151
412
422
1064
372
419
667
1116
1192
613
568
1363
1019
871
1830
854
1012
1323
28
1793
1648
688
213
1977
12
1048
80
654
1033
811
1969
1094
1568
1434
790
982
646
436
1322
62
871
947
1962
1214
1668
131
1360
1132
1200
272
1085
1915
164
1898
189
959
1111
1763
346
1833
5
1452
603
1205
50
1438
759
370
1578
1215
208
1879
1216
1379
787
120
1029
469
1442
182
1573
561
1507
1304
47
897
475
1781
773
1875
1894
1920
1917
1443
1306
1634
1748
1329
1751
1815
1726
1170
1522
182
1773
1143
947
376
711
752
784
235
880
847
1356
1435
1240
561
1257
623
1407
645
1016
935
614
1093
1444
510
1171
696
1272
70
733
349
1448
1372
574
408
1853
255
1430
247
807
700
881
1691
1422
1337
715
466
249
1415
1200
1447
204
689
1873
1325
1951
1901
774
1092
246
1506
789
1601
392
1511
1751
696
1622
830
988
891
1515
768
1050
1661
1310
482
573
1696
237
422
684
901
362
1593
1041
1009
1836
95
1049
1978
216
1534
1865
768
1550
1805
1932
1613
587
264
785
878
170
1766
330
1155
435
93
346
163
1421
548
1327
1790
777
1761
648
1158
1685
401
508
1523
416
760
1911
194
524
1430
1012
611
1922
931
332
62
831
1530
588
1115
920
1876
429
538
1777
1091
498
166
1388
417
1102
419
1459
437
840
492
1131
1812
1814
672
1282
970
1264
1213
368
435
985
493
1651
303
1673
1681
1132
440
1984
677
1888
590
693
845
244
1436
321
250
535
667
1113
1781
822
573
1217
662
1521
510
962
1802
1273
1823
1775
227
347
1411
1865
1458
94
582
685
878
1150
532
853
1515
881
339
171
991
63
1308
1186
1406
724
1009
1659
877
17
1025
356
1283
633
1847
837
169
520
1869
581
1546
1489
295
700
1696
399
971
891
1095
1643
1610
817
8
268
127
136
1753
1471
1251
1427
1152
1097
1444
1073
1458
1644
596
152
627
1074
429
821
1814
795
1072
418
864
20
1414
748
1373
563
1914
1661
50
1080
641
843
214
212
1899
641
1772
903
935
1379
823
1246
525
865
1568
1321
1108
1635
732
1234
950
1289
1578
560
813
1242
1980
371
266
163
243
1742
793
417
1875
1826
50
1791
232
37
1133
1841
637
522
814
168
1589
693
1792
1850
1706
941
241
1257
1876
1255
997
381
1654
744
1056
1375
1590
440
957
1601
665
41
906
1220
1634
919
1979
1766
211
502
735
189
804
1401
415
666
1397
1970
187
1983
177
1148
1297
1104
141
1571
751
1161
1271
529
547
1110
426
737
1061
1275
1045
1746
770
1259
149
769
1270
1195
551
747
884
1130
715
725
283
1074
1098
1605
1403
1348
1761
381
1697
1251
1687
505
1472
1467
1006
856
1648
1301
285
1225
346
1542
1193
1745
1018
909
1626
1269
846
1913
1020
500
1419
51
251
1794
705
1543
1754
1842
1275
1684
232
756
1224
1371
846
643
483
901
1861
774
42
98
1976
462
420
1878
216
249
1362
989
727
1202
1532
1184
1860
1859
1341
59
10
1902
817
953
449
456
393
1305
337
225
519
825
1145
196
1663
1674
563
199
255
1367
1614
1060
1325
768
1075
1530
463
826
297
1859
290
484
1570
485
635
1225
1050
565
406
309
1351
1186
319
1857
112
1340
1232
1045
385
1245
940
1243
1310
227
221
1693
761
1041
749
797
48
177
1461
1688
1123
475
56
530
139
951
1269
540
1097
1898
1132
686
619
1232
539
103
638
496
1443
894
627
994
784
251
264
1260
615
1741
1749
491
112
604
479
1673
1337
455
1607
687
588
1665
1620
1828
842
378
573
61
555
489
47
1770
1469
1732
385
82
518
131
1277
388
739
1331
1960
1047
1831
1185
390
1552
1
13
332
55
458
761
1454
1546
830
1146
768
967
1538
1157
839
931
222
1827
746
956
1107
1571
567
829
1464
1134
633
1807
1561
730
1143
54
1411
784
678
112
71
1095
46
885
1579
493
1871
1593
480
1519
1359
787
1782
1104
1420
163
518
548
1875
1868
1013
1185
1840
1057
300
296
1504
1986
864
1106
213
1036
1793
1622
1230
260
1468
1008
30
1173
1540
1628
527
1347
1463
859
154
1159
476
242
706
1679
1325
1463
638
604
1371
909
115
292
1529
543
149
1020
1093
904
1534
1038
111
1961
1347
697
1984
607
1509
1373
612
1452
1153
913
782
1893
1256
313
1967
700
1641
586
1031
1229
1877
380
1693
507
919
404
1100
624
4
1224
970
48
285
1145
1168
1074
1846
1478
1220
1760
1737
1213
1061
1302
1585
1808
1216
1067
1861
1749
459
1559
326
1953
1775
848
265
141
1236
1816
1260
277
1667
758
1803
1253
579
558
1380
1378
734
796
516
1515
1997
536
1448
1993
1295
990
580
1176
838
899
599
636
149
210
828
1478
745
1366
1829
1529
878
278
1550
668
1218
1143
725
1607
522
167
656
568
1762
62
416
853
517
905
842
236
1027
1877
249
814
769
1368
1669
1202
689
1754
1225
458
1334
525
473
593
581
774
388
1290
414
1476
512
299
1651
772
1299
969
257
1923
204
964
1862
1193
198
1222
1528
1716
1108
97
1100
227
1550
618
498
734
444
988
743
87
974
510
292
757
1067
935
1763
1637
1813
720
589
285
1791
1370
326
95
1700
1466
399
968
513
360
1092
1809
704
272
395
129
1684
779
146
648
1588
1302
1989
51
1888
979
433
896
368
952
1777
1066
1753
292
507
797
1105
178
1158
84
250
1461
1742
1268
638
1298
1947
1086
1661
815
1930
1765
1627
951
1630
1416
261
968
6
490
1823
929
1513
1960
845
1859
1450
506
479
1278
1934
117
1294
1163
570
2000
104
203
761
187
1760
1009
391
1893
1841
502
1584
821
466
819
259
626
1721
1496
1981
785
799
1274
1359
1943
1723
1360
1357
748
1888
26