1802
8849
4747
2040
630
2937
7825
4467
4732
3772
841
233
5971
3336
8826
43
3168
888
1794
5249
7283
3254
8151
2435
411
9933
8311
599
7884
9897
9236
9566
3451
7759
4496
7158
6183
8883
9001
8332
4882
2460
7922
6804
7004
6396
1080
4377
4597
6355
1884
3647
9066
4430
803
8884
3228
6239
9002
6075
5901
6718
5307
7131
6154
6150
9509
8056
1494
6196
6927
2143
3209
515
3042
3793
8545
162
1300
3372
2285
8911
2939
5393
3875
1297
6897
3151
3651
999
3421
7969
8588
9917
1023
6551
6410
9205
7086
5574
1371
3917
5678
9419
2750
9930
2209
5816
4896
6566
3294
1382
6774
9050
4354
7575
3061
2024
9412
5902
7358
2043
3507
3897
2784
8360
1981
6722
5509
1781
2673
1200
3091
171
9606
7866
5018
885
6536
1340
4118
9645
8639
6048
7153
8499
6165
3508
4751
8092
2074
8308
458
47
8585
9636
3298
6856
1937
5794
2567
9167
2186
9155
1207
5576
9874
1192
4750
1629
1581
5592
4963
1006
5917
549
6932
5534
689
9910
9558
9308
8713
5796
8834
3131
6390
2783
428
1027
8759
4498
4436
5460
7177
4029
9047
5229
909
619
2534
3012
2710
7378
4831
7615
2358
7760
6186
3587
8095
2830
7749
8739
3198
3490
9
1008
8396
6811
8036
1754
6984
4928
7603
4726
284
1984
1964
6272
5050
9919
2014
6349
4400
1507
5942
8182
3473
2732
6804
2668
755
8679
9700
6943
9425
577
4199
4869
8205
1296
88
7264
9857
6385
4794
3428
5462
5102
6064
8360
1469
5765
9707
6573
6576
1128
8056
7902
9809
226
6655
8754
1235
440
8802
4871
5306
5655
8699
5858
784
483
2525
4093
5437
2707
5285
993
2263
8726
5624
449
234
6842
1999
5324
4991
6148
7693
7978
8570
2416
8174
9116
7743
7447
2503
7110
608
3493
3123
5692
2415
7459
6204
200
8663
7051
7679
636
1313
1591
1382
2856
1208
5886
5506
8183
9232
9498
9629
1671
2152
2684
6511
4298
1365
2044
2492
5712
2798
2740
9049
5783
9250
9989
3034
492
3926
5433
5507
9325
1841
3635
7204
60
9621
5996
1686
5047
5249
9486
3331
6177
7990
7886
2565
4892
1757
640
2239
4129
2720
9924
932
7473
5312
3138
7592
3670
3518
7393
7974
5626
5047
4463
9936
4973
7829
1244
4965
3227
2054
3675
5559
7305
1282
8185
6198
4592
4777
9674
2249
9627
1126
7878
2019
3460
8540
4003
7577
8224
1699
7681
7917
6831
1984
9232
8029
6415
7811
3295
4386
8498
653
9219
5568
3347
1702
4501
9409
4322
1974
4641
8146
9005
8497
3086
4851
7057
5976
5088
6909
1496
6534
3170
8140
8835
5072
4885
5019
9951
6195
100
6486
7245
5488
5158
7810
9208
2665
8099
7096
8756
4207
4753
7824
3145
1609
2997
5774
8683
1059
7656
480
1391
1534
5613
809
692
9637
3996
6269
5244
9924
2942
4619
9735
6525
7599
3556
5614
5050
9038
8670
490
7664
9706
3706
383
231
3378
3421
5824
9452
3518
7652
1527
2557
4112
1124
752
5787
2138
9998
3068
6485
1607
43
4548
8813
7268
8478
5931
7114
7381
5224
9520
8412
6241
7943
5476
170
1929
5240
3973
745
6413
3074
6614
8927
8780
244
543
3957
8566
2320
3787
4446
27
1944
771
6296
2630
7836
5178
9029
2617
6277
9493
7945
5249
6675
2346
1326
683
3249
5220
1820
4925
6911
952
6285
8469
2746
8289
3216
9256
5900
600
5897
4406
3020
4068
9759
7701
1022
5740
6575
2878
5306
9794
6285
4324
7946
2715
1061
862
6135
5508
1099
1458
7243
2245
402
7229
9755
7103
4612
9559
3354
4083
738
5362
9605
7356
408
3649
1865
2797
3850
5426
6408
3945
7898
9715
673
4673
3061
8532
8191
8975
6252
3329
3388
7748
3347
9688
3848
6184
7869
6304
5454
1677
1231
870
9821
3507
5910
7032
7816
7739
503
363
737
4154
6333
6412
4797
8782
1022
9613
7811
8001
2549
1625
1656
6459
6524
9945
2050
6885
9784
4256
7719
33
9818
5250
7430
3985
1143
9624
2818
2139
777
8229
2790
5507
3063
317
9497
6158
5654
1566
3000
1814
5017
4260
5678
8602
4929
1231
2594
6028
7827
5371
9519
5416
6660
2298
681
4687
6395
6263
9069
3073
5977
2376
2513
4966
9206
8385
9406
6552
183
9669
6717
9351
3634
7764
7403
6352
7391
6107
459
8471
2321
6362
3829
9983
269
3305
394
247
9962
8630
8734
783
8749
7609
3223
2325
1684
7066
4737
1868
7609
6006
8262
416
3455
9368
3303
644
5892
9647
9413
8150
7373
5102
3461
5252
8760
502
3851
5269
4625
5573
199
5811
5150
4772
5516
4569
1353
411
8463
9171
2765
8637
1818
9913
9022
1048
2396
8000
9713
3711
4348
9109
219
8105
3460
7517
558
393
7324
3970
3789
239
7445
4644
1019
9759
6731
9507
1074
9765
483
9249
5353
750
7229
9858
9152
579
3196
7767
6599
5741
8042
3789
9169
4244
3123
6281
4032
218
5863
3188
5306
8038
3137
5242
3388
5399
8622
7000
1379
3775
4304
4701
4137
141
7349
419
980
3927
6215
3050
6230
2330
7861
2369
9445
462
1086
9538
343
5010
3503
1061
8054
9189
9587
3462
9303
8202
661
1566
6356
8024
3681
8567
8719
7003
1813
7794
5490
6047
3800
9819
4204
4783
4874
6977
4313
8012
267
6493
3374
7620
1225
2036
9405
6882
4095
9828
9149
7100
7017
6128
8878
2085
15
6673
4788
7877
9129
1824
7571
7588
5870
8694
5449
5823
5679
3314
3814
6587
1275
9396
7988
3899
710
2865
9607
4353
5075
1096
4121
8673
7538
9838
3997
670
441
8127
8374
9858
9827
3285
8041
8179
1710
6119
3610
9425
6872
713
8785
7863
4545
8186
6385
3285
2034
9888
5822
7132
868
386
7393
1530
1440
1716
1628
9017
9026
2752
6110
7483
7043
7245
6555
1856
1033
6601
6894
2575
4062
8744
756
1207
3672
3390
4347
6252
6849
5762
6758
4236
4403
2582
333
5580
7903
2359
5042
8605
1662
104
1650
6992
7058
5176
6586
1230
9349
5675
9302
4798
6082
8169
9141
3698
3354
9499
3438
2467
6395
8233
528
6109
3821
8323
9524
6566
4000
6104
2874
1344
960
543
6207
9515
8760
698
5539
319
5237
8914
8439
1409
5069
6994
5639
6970
4689
1968
8544
9460
1593
9549
5293
61
2855
7640
4324
5330
1643
3249
7925
7933
3140
9665
20
7909
9014
3402
2284
8151
9868
1923
5774
3434
3295
456
5339
9965
395
5928
8595
6685
9423
9253
7421
2833
2905
2183
4465
2406
3847
1222
336
7049
9841
8424
4787
133
6842
3300
9523
4174
9540
3259
6618
5655
8072
5230
8323
6598
8943
2580
2393
536
7597
1450
539
3445
4552
6544
4395
8558
2280
5825
6475
6108
8073
3908
1569
2789
6488
4353
9615
4753
3519
4253
9226
6269
2023
9913
275
8755
7661
4038
3361
1287
3216
7120
3588
836
4923
5363
3246
4715
8816
4868
2305
539
7975
9715
8316
6394
2323
557
1518
3862
9687
9632
2006
5044
4979
9336
4568
5343
1183
648
2503
4273
1725
9181
2156
1707
2972
6542
4529
5536
3091
1987
7897
3659
9494
79
4793
1424
2667
9776
8220
172
8976
8794
790
582
1997
5614
9633
9620
9204
9867
6867
5320
6409
5625
1222
371
9418
147
9516
9997
4489
5021
2651
1061
6814
6077
1374
1795
1629
1509
595
3476
5904
8340
7858
7167
3519
9429
1178
6050
707
1954
5007
194
795
6385
9495
2303
9941
9893
4528
4220
9913
8345
7995
8367
6416
1318
1055
4924
2311
3603
5497
5944
5752
6689
968
2054
6562
7090
390
4439
5069
5833
1454
3099
5612
7648
4733
1028
3035
7713
3805
4315
5792
8100
2922
6179
9449
2400
5014
6782
8025
7749
785
2578
7973
9796
644
3057
9283
6722
8888
8999
5753
7604
3094
8012
3850
3476
735
3413
3804
7818
283
7904
9738
8370
5019
360
8784
3462
6046
9970
7963
2001
5726
6963
6587
2992
2736
6115
6566
2867
7297
9402
9905
7206
885
3041
7965
6600
106
795
3465
8605
7185
5712
1
2258
3690
9456
8855
8700
9475
7295
7230
9745
1576
337
9525
666
3149
3500
2662
2601
8996
6749
5000
1563
7015
9989
8241
9991
7622
4692
7231
4396
5745
7943
6243
636
4833
4914
113
9814
1973
9909
9677
2934
2681
3898
4771
1702
9197
1038
7419
9298
6206
3414
5565
6939
7500
6417
7458
8285
3253
1074
3869
5308
9407
4902
4478
449
1259
3458
3336
3258
3101
8167
4934
7975
7236
7751
7709
201
1997
8303
2114
9545
8350
9623
8914
883
2805
5942
6409
2177
6253
1646
1946
9744
3901
1443
5952
712
3847
7060
5400
6941
3152
8323
6623
7313
8933
2471
6012
5195
4812
8548
5725
1323
122
5293
4603
3255
1617
3987
612
7429
6483
2677
8688
7899
7209
4470
7336
9657
3312
9792
4516
5791
9380
2877
1772
7841
7889
6176
2181
9516
4220
6193
3081
8944
5024
643
701
8850
9549
3540
8358
269
2440
4901
1239
9636
6716
952
2943
1009
557
1130
734
3557
1438
1975
782
918
680
640
4313
4748
8309
6668
3095
6125
990
4134
8024
4468
8239
3750
5825
6835
1275
9406
5546
7228
1006
9520
7413
8603
4465
6292
4951
5171
8730
922
9160
6199
2963
8324
9199
4718
5526
6186
22
8346
721
9275
623
3153
8245
6565
1046
655
9339
6162
7992
2599
5049
3424
9923
88
6231
2459
17
8995
5895
5772
9063
6348
3921
5524
3476
7161
5556
5838
7405
6099
2827
6288
9806
1307
2780
9116
5800
6454
5128
3122
8423
5
1531
6686
5968
9670
5934
4932
4193
1418
1605
9149
9857
7392
8347
3282
3547
9670
8469
5677
992
6712
9862
5202
3990
8728
5843
5839
1883
7191
2511
2739
6187
4546
6516
1366
7748
9010
3704
4436
6349
244
9754
4978
375
4985
3447
367
7723
5534
2994
1978
357
7380
6627
612
6465
3906
8813
976
8552
8837
415
9698
8653
3634
9758
9305
9598
6952
310
7492
6315
7076
3732
8762
4203
906
9553
6378
2638
2336
7832
3206
2288
9278
7635
7481
2098
7329
2305
47
3984
9260
5695
4108
7638
888
111
1699
7586
1354
6883
7376
2203
8818
9907
8620
5628
9764
7246
1859
6735
8884
8859
9927
5672
8429
9982
9111
6871
8921
2435
326
4929
176
7708
2085
1865
3417
6474
1014
7073
2358
9936
9152
4727
4401
8497
5585
7096
3262
1644
2979
8794
6801
8565
1026
7267
8915
1938
4122
6949
2763
9891
4009
4355
6734
4486
699
4216
8521
8854
5733
5404
6094
1500
4845
1229
8083
9571
8896
6350
4135
3220
2772
5382
3251
5617
5482
8144
1802
4383
6805
7800
2585
1003
5760
8508
5645
1276
717
7460
4681
5623
948
8408
4481
2044
815
3200
6497
871
983
1337
5150
168
9426
5186
9971
2620
6309
7327
6188
1674
5947
6877
1491
1221
6550
3426
8033
8711
3738
4440
6409
7102
7613
8272
5253
8711
9711
1714
7250
8530
1831
426
7862
6502
2833
4163
9594
7808
9660
2622
7572
1351
6460
2465
1895
9647
269
8890
6961
3710
4486
3144
5399
6852
8870
6177
6011
1026
6702
766
4416
8038
5333
1000
8652
3916
1236
4076
8783
3103
8005
3691
9472
9711
4485
9686
1943
4104
6607
5090
7869
1370
2943
7058
1476
64
392
3273
8189
7473
8978
9907
7005
8089
6947
5541
2594
5980
3695
7244
8762
6800
8049
4229
5418
7534
4481
7097
4661
3218
4894
2053
5008
1365
6169
6427
4419
450
8259
5291
5582
5546
182
4846
1441
9443
9649
9351
8360
1840
9429
6346
5938
543
6975
8719
8259
6830
5995
7907
859
4988
239
8894
5499
5333
9666
9735
4623
4650
7178
8314
7942
8547
1088
3736
1458
7843
1180
2404
4954
8457
2151
7622
2531
4656
5536
2655
1831
7348
4597
2926
1978
3035
185
1196
4919
8040
2249
9084
7321
210
7400
8714
8506
9947
8505
8004
2749
5195
3603
2162
1528
8252
968
8631
9336
2385
4410
3124
5358
7333
9219
3242
797
6710
1839
5431
459
1015
9698
6447
6176
7355
7372
32
3326
4695
6960
6493
6446
2074
1946
3250
4477
9534
9533
7385
2119
2084
4027
8362
7935
3730
6308
3350
2947
3672
9611
2842
1022
8599
3099
9300
3423
8239
6796
5274
3043
2662
257
3024
4611
495
1537
1778
317
126
139
1977
4882
2579
5650
1226
6222
1350
5703
4630
2348
8602
5517
2766
2780
5902
2637
5214
6673
6318
9333
6243
4613
2184
2430
5487
8602
4234
6396
1253
9395
965
119
3596
6361
2755
2006
1716
6406
535
8668
9115
6699
4353
5733
7920
2065
6958
6690
9984
7538
8587
9135
1811
3207
6610
525
1355
7191
5096
4547
4201
8257
7491
7103
6587
5090
2050
5284
2037
2439
3056
9499
9166
3501
7416
5265
4492
7561
4317
5261
8168
9610
5766
7397
2581
8815
2212
8884
8392
8587
3689
1347
1458
1600
8932
2666
1444
9217
2657
411
3798
3933
8093
6120
8172
9895
5731
9458
1386
4438
9475
957
5842
1793
7306
2247
8683
6053
8850
4260
8630
7905
1521
6717
2266
3873
2033
2858
3417
5847
6727
9889
6320
6099
9974
2999
6512
1562
47
2868
9477
5527
9035
959
9793
2116
5667
9160
3858
7729
7403
647
1260
6903
3106
442
2431
1618
3269
401
725
8398
1586
7336
5390
6400
727
559
6493
8002
4244
2301
165
8442
1419
358
1258
2148
3987
5271
1026
8649
961
2712
6459
3851
4835
8618
8204
950
7909
3082
3062
6819
2496
5298
9856
7869
2509
1825
9071
8596
4660
4551
9972
2293
116
88
8926
195
9747
7349
6115
8105
62
406
8435
8577
9703
9601
8531
639
2271
691
4408
3888
9566
4795
4473
5436
6718
9918
1271
1342
732
2504
9867
2676
9585
8452
8314
9466
5365
7005
3008
4010
3832
3730
1876
1329
1359
8578
2574
5989
8977
1165
1294
5692
3074
4314
6278
5924
156
3002
4900
2422
8309
3423
5992
5852
7560
8784
6962
8563
3064
4291
9412
278
9407
6292
2519
5848
7020
903
3566
4529
1116
8768
808
5101
8687
1066
5219
2348
5579
5076
3207
6096
1998
6617
306
3182
8642
391
7911
9703
8357
2486
7099
3759
4522
7282
4279
1417
9439
1509
2231
4271
3884
7964
4198
2004
815
1696
8451
5444
7472
3435
5862
6330
3774
651
3131
1595
9068
4247
4921
7100
4751
9708
8010
5679
7109
895
5824
2043
6086
22
5333
1731
1016
3467
361
1339
528
915
4574
8270
9852
6744
8940
5295
2240
6953
8877
6177
1153
5239
7215
4955
1571
9707
4091
5842
4468
3348
4460
2329
6637
9702
9570
7266
8488
7282
3415
5696
6394
8276
2905
620
8112
4336
5214
4192
268
7472
135
620
2912
9073
812
8682
9827
9653
242
9456
8473
4151
3741
1368
2940
67
542
6911
9728
7646
594
6311
6203
7033
3252
6342
5891
1316
9455
8177
3251
4942
5569
4565
9532
1588
1849
8795
467
4559
3719
3254
2584
5731
6939
818
7134
7087
7401
5678
8765
6824
5233
1017
7224
713
8912
6731
4498
9854
8207
3851
4544
5249
1628
4621
5021
888
3820
2770
6172
4362
9760
8933
7598
4551
8463
5145
7335
1766
2448
9250
4534
9720
522
1908
9116
101
7915
4343
4249
1782
9869
2530
108
1659
7813
5817
5793
3416
9164
464
3212
5216
8589
346
6255
1113
6240
996
1894
2539
6733
4551
6528
5483
7639
4120
8920
2376
4464
609
1249
5564
9475
2019
9428
7602
1859
1107
8124
1129
144
7351
5341
7413
6090
845
5503
2111
1924
8487
2202
3436
9992
1234
7994
5706
9563
8817
6089
5959
3549
3896
7362
6698
4550
4098
1019
2271
6291
3975
8311
6230
3094
6191
7409
6996
5740
2869
3067
307
3198
4091
3701
420
7007
1440
3409
3349
627
9225
4591
3140
4676
296
4006
7839
3356
9380
9220
8208
7307
814
3991
3943
3655
3279
1340
2887
3653
479
5946
460
5402
778
3514
1971
4964
8364
5852
4649
3343
4750
9117
3442
2453
1019
3364
8883
626
4979
1248
3892
5910
6932
4990
8054
3418
377
8710
281
1520
7907
2556
5186
7667
7949
244
8048
7575
1438
3317
2491
3936
1800
933
5297
5852
5673
6466
7941
951
8782
885
3364
8240
3234
877
3466
812
1369
1613
2874
2378
9285
3404
9629
4718
4548
3012
227
1390
6812
756
1439
4047
6176
2344
4140
2917
5814
8873
417
887
2774
8842
6206
2922
7338
6061
6400
111
235
3061
5785
8559
9850
72
4144
613
9309
1679
5073
657
5472
5951
7533
5391
4197
124
9975
1955
5716
4139
4890
4995
8509
1757
1368
2674
5067
6855
2901
1794
9201
659
4041
2596
4221
666
5543
1931
3941
4774
2114
9095
980
7124
6177
9805
4696
6143
9098
8059
6390
7733
9666
3990
5871
2833
2537
3883
6346
85
8212
8366
4308
2261
1425
398
1585
3539
1499
484
9740
5444
9211
1325
5915
3914
7514
4646
2699
3525
6228
3592
6432
5433
7107
9135
2338
4285
4297
6384
5475
4447
5252
8122
1606
5563
7119
3081
462
2739
400
9508
3262
9912
7601
5673
2220
8416
869
8302
4080
7290
7970
7869
4534
1264
3203
3336
5530
8296
2461
4397
6660
2257
4427
3018
8687
8140
5566
5771
8966
7243
7978
6862
4312
4
4671
9142
107
6039
7680
5457
6155
3257
9153
3426
8422
8300
2859
3120
6293
9254
3843
256
6609
1199
4007
5731
9405
7800
9904
5163
3521
2863
8837
444
1943
2072
56
6383
7996
4628
8052
3016
5969
586
2345
2541
8383
478
3214
9055
7612
5406
4430
9044
8465
1716
2976
6594
3359
5516
9428
9680
529
4462
8508
8438
676
49
8949
9756
746
842
6261
992
3502
807
2542
5964
829
7364
325
7309
6677
2305
4446
4545
7895
7916
6054
5595
7722
5318
9324
4074
6346
1763
2140
4985
4241
6372
2669
8838
9777
2370
557
4505
1635
5158
7355
9404
3237
3111
2123
2862
7498
8338
2834
7180
1236
8666
4112
4781
536
7252
1338
2281
6302
6013
3167
4728
8780
3547
246
4107
35
3054
234
4397
6673
3189
4509
6386
2130
2974
9156
1553
8487
9777
4942
2661
8600
7723
4430
1348
7009
8111
7547
4460
744
262
7131
9067
1679
6163
2765
763
3078
6527
830
1580
9103
9267
3065
1913
3893
9892
8003
8447
1351
8984
5963
6198
3171
1
7729
2072
7701
6108
5152
275
602
8509
6760
3924
1747
2279
8498
9831
2488
7624
289
4850
9510
6142
4150
955
3400
1830
8638
3081
140
8428
376
9729
4166
9490
438
8488
2103
7381
6990
9663
5847
7276
8011
9244
1191
3817
8647
4352
1393
1027
7802
7939
7662
4776
5629
3466
1523
4687
3378
6990
4589
8828
7389
8561
7992
3153
625
1535
3094
9260
2336
9778
4051
6269
9947
595
1411
7058
4010
8892
6328
9112
3608
1776
4813
2142
3282
8636
6219
7148
9054
4925
9963
5732
5288
2551
2512
7100
5319
9799
1723
231
3631
4029
4800
1471
9722
672
3784
1110
9792
1955
7850
7666
6177
4977
1490
7737
5667
6007
3761
4243
1942
9655
2057
8991
9858
8622
5573
5958
5066
9143
2363
4633
3599
5649
9358
3453
6041
5555
7163
7243
5273
5453
7281
1295
4486
2008
1372
5043
3492
8786
8763
4517
2257
588
9877
9098
9420
7846
8617
1490
5745
1640
2507
6748
3862
4325
4162
2661
6982
7601
1668
369
382
5200
6477
1468
1894
4496
5159
1727
4337
6007
365
177
3737
3755
1281
5970
6389
4112
2268
6539
5772
8625
136
4715
9822
2603
785
8048
4722
5211
1130
474
7062
6316
4219
2293
6853
734
6390
5388
8287
3248
6465
2072
9768
5775
1092
5122
4594
3938
1516
2543
4246
9030
1875
4554
1660
8525
5430
7714
4808
576
8321
713
9822
2909
8644
8725
3425
2500
8991
2274
4388
6317
7657
6755
33
2665
7134
3184
9726
5710
6687
2550
7286
6496
3933
2904
8817
3692
10
3734
3904
4360
8559
8811
6258
5233
4673
734
4039
6709
8148
5872
8763
5123
5473
4641
3741
6068
8573
4027
2569
5651
7393
2169
3585
3279
7287
2674
8777
6664
3322
4785
7668
8411
6618
1772
9662
6160
5809
2813
1341
1607
9836
7383
3649
3754
1138
7871
6987
4298
103
9411
712
1485
4119
9306
8998
2618
245
6573
4190
638
2975
6603
1818
1763
7585
6988
9107
7753
1626
4708
7120
8778
8191
7118
1181
3714
236
3872
5971
8993
4722
4482
8635
4149
7236
7784
7390
8470
2620
402
719
7697
7993
3363
9580
5544
5161
2922
8563
9463
4233
9837
3924
6658
2297
6302
8871
5157
3956
9873
7072
5620
7737
6793
8219
1654
7478
8684
6306
736
2571
8486
8878
5052
377
1483
5735
8678
2126
6676
4182
1528
5862
5880
5966
413
3521
8282
7186
3807
1587
9423
207
7004
4977
4290
704
3513
374
5215
3122
5174
6778
5541
540
8243
3913
9376
5669
9006
4760
4910
8063
1702
6373
1983
2036
3274
6929
9997
2156
4797
4540
8658
8717
1849
3249
6826
2804
602
1366
9791
453
3373
340
2090
5635
3659
6014
1144
6156
3067
7346
3151
26
5621
9105
3290
9791
3823
6698
3647
9514
4805
4898
2707
5970
1316
1662
7371
6815
1198
1317
9776
3134
3518
5566
1107
4771
1482
3525
2796
5316
306
5342
8765
9063
9063
7451
9409
5605
1634
5751
2689
3765
1383
4431
6744
2941
4100
9733
4478
6488
6311
3287
3100
7058
3036
673
6775
3109
1176
1528
9972
492
2939
454
70
3292
8950
7657
5221
6466
9946
2866
9786
4231
9215
618
3409
9214
3308
6619
5755
1187
8194
9645
6270
2075
4422
1188
1580
5621
8909
7828
369
9698
7671
9413
9913
1310
2355
4599
2307
5905
2557
3346
5496
3382
1150
6174
542
65
6264
3638
1687
1891
9715
9359
9246
8006
1852
4929
6990
7715
3588
2203
2019
366
4664
7951
3096
1219
8119
5855
1601
8935
9636
167
2361
3441
3318
8326
5690
2592
9151
96
3315
6197
6982
1369
8394
7885
5613
4063
5811
2294
3277
5509
6929
7163
4804
4465
9307
2468
4537
7417
2184
431
5131
2193
1324
3343
7815
6962
4100
6690
5248
7827
2691
7863
7501
7688
4920
134
5910
419
6204
5762
6147
8686
5094
7375
4802
7425
6861
7966
4732
5975
7656
4071
1694
3760
7001
1522
5108
8924
5405
541
2117
1853
4654
9587
9523
7438
9446
9984
1736
9649
3810
7811
7976
9795
6538
854
4708
2164
7511
4918
4313
6515
7513
7926
9141
5047
9572
411
1788
214
7944
1253
7657
4877
341
6431
8759
4907
3878
5949
7626
7740
4705
7909
1623
7718
7550
2701
9394
3126
4298
5267
4406
4499
9457
1347
1876
7062
9089
8929
5750
1358
1595
2148
7128
9333
7462
8477
1968
1900
4022
5147
2182
477
3571
3639
1143
6123
4666
2342
2475
6411
700
5734
311
9790
7728
9625
8552
2078
1351
67
8693
4337
3721
2216
7710
7814
4666
136
2426
8578
4457
8862
9635
5975
478
9018
4651
8588
5238
9250
6794
4563
6013
5468
6612
916
1573
4368
7064
7075
7518
1670
5178
8889
1497
6035
908
2767
1367
9037
4101
637
6115
1663
3409
3538
8661
7272
5755
5236
9243
1027
5540
7494
7891
3427
6527
8780
5956
2458
1426
3604
7907
4493
2624
2713
3987
9689
8220
7474
9095
2583
5814
9492
9830
8196
8951
5275
4454
9732
5208
6710
9899
9206
8010
190
6127
7819
3907
6186
8592
8855
246
9773
8390
8828
6235
1737
9575
821
4582
8337
6917
7772
7959
7517
6344
1347
3626
5224
8842
5688
7432
1843
913
7151
3267
7979
6173
5869
9298
6637
9803
81
5218
8059
2860
2086
7257
9948
3659
4128
9123
2338
6963
3576
5883
3668
6803
5836
3984
104
3099
3294
5164
7382
9008
9615
3216
1291
5383
9323
7101
8554
9048
1459
2154
9746
3381
6501
5692
5049
5588
8013
9449
5058
7915
6641
5050
7390
4694
7721
166
7360
7622
7207
4666
1304
5375
3505
4061
5465
1019
5911
6489
1452
5413
5602
9839
5161
1602
4513
2179
5863
6332
4822
2056
1935
4029
937
7210
2502
5322
4377
1470
2920
5993
5561
7837
6936
3338
9459
8624
692
364
9519
2223
5810
277
8379
1365
8441
7966
6000
8955
3959
9816
8050
3088
8706
316
6658
4293
1353
6088
2807
944
8148
4563
7644
4486
5050
4550
3329
702
2528
6230
5767
3919
9856
3163
6757
3946
2649
2269
7939
7629
6645
6744
704
1051
2692
6672
5735
3342
4164
134
9224
9706
2377
9074
9009
7534
3213
4333
4779
5583
69
4789
9283
2155
5309
5957
6481
6102
8616
7425
2460
4515
5535
7495
5829
2233
7341
8810
3008
5803
8825
8138
4446
871
9654
9827
7237
8175
1823
9374
8015
4538
2789
494
2195
4775
8588
4765
9536
7435
4739
4790
4852
4324
8614
6977
6377
2438
8384
30
9247
4003
3400
6503
4603
5417
3478
4059
5546
5501
3862
6839
304
3380
9680
8002
8793
3372
5284
7206
9890
3589
3259
2934
3136
6433
4385
6960
2116
9451
3225
3108
3565
6844
5703
8166
6150
6342
9469
7484
3372
2284
211
351
363
7898
6530
4137
2637
3992
8967
9351
1870
4524
2887
628
8134
7407
7616
786
2171
180
8790
9151
4679
3970
533
7917
5398
4151
5565
5976
8045
157
1194
7288
3110
9210
8122
7658
7483
7131
732
2006
2094
6295
1270
9479
8131
5970
1600
5473
8677
6182
3446
2827
8622
10000
4078
7704
6929
2793
7525
2867
1315
5416
3449
9417
8791
6511
7948
5654
3670
9239
8331
1311
2280
825
9340
5860
4081
3822
527
759
6709
4272
6044
18
2062
3131
9649
4867
662
5226
4364
4579
1534
2484
5725
9055
2810
5371
8568
1899
6901
2029
8471
5612
9902
2465
3966
2188
4567
405
38
5797
7334
3537
6022
2645
9847
1222
1790
2207
481
2845
3475
2416
8566
1501
3305
1547
1751
789
8234
9134
3943
9118
9499
5617
9950
3399
4108
647
1217
9845
3220
9041
1724
5037
6526
7877
3807
8113
7945
4336
5670
3147
3634
1687
6494
7977
8817
2960
5941
966
6003
7264
5968
1494
5908
600
7120
3977
2908
3902
1378
8107
5579
718
5477
2176
2165
737
2795
8915
9838
9559
4328
4055
2146
4014
5723
9791
1757
4131
9053
9251
171
8527
1137
1690
8261
6158
2630
9920
4017
5890
5695
4406
7421
4982
13
3101
8199
2817
5411
9726
303
2498
165
6170
5172
1836
7928
1825
5966
1876
2753
5986
3285
1468
1407
2836
3911
4212
2884
8234
2546
7408
3999
2366
2854
139
5411
6450
8995
3896
235
9229
6445
8252
3963
2037
8280
3125
8847
3162
3099
4004
3792
3994
3964
2894
8186
3010
3275
2333
4049
7984
2061
6712
3986
9520
5834
5318
3771
5709
286
5482
1054
310
373
8003
485
8935
2645
3658
1970
2662
4341
4228
2984
9567
8519
2833
7536
9739
6452
7129
931
5248
613
7016
4605
1836
6827
4342
9495
8610
3998
6779
9839
3870
5260
9424
9451
7136
1162
8924
9021
6456
657
307
200
2782
1886
3988
2465
3488
8476
9280
3169
2311
9915
1501
3382
7365
9072
5461
6185
8404
8899
8567
4290
9105
8932
3618
8523
6956
3272
3582
3416
8913
3465
4401
9301
8599
990
6404
7817
4643
52
5604
786
5929
7964
2028
8830
3568
1095
4288
715
3823
3435
5308
1846
4652
2732
1487
4613
794
2602
2334
9197
4906
1106
5310
9257
8104
8654
8082
5859
6249
5972
310
37
2611
5532
7775
2310
5691
5847
5988
2017
1161
863
662
2620
7487
9482
6193
2912
3124
1158
6786
2096
5851
1589
4176
3073
9294
9097
287
9630
4302
3305
5300
384
8221
4712
3899
528
3942
6636
9606
1686
7834
8724
5936
5087
1113
4183
434
1498
9420
323
6531
4762
6887
1959
7511
3417
7898
6187
4952
4922
8974
6243
8646
9095
1907
4470
1856
536
9519
3209
1312
4238
3747
9638
2182
8274
9827
1337
5397
4436
2036
458
3465
4870
5535
7556
1682
7903
3426
6330
4026
3631
2725
461
9199
7782
149
1343
3039
3467
5270
3111
1028
2422
3624
5680
5443
7737
7186
5341
3782
156
2985
9490
3417
5651
394
8407
8682
8441
2387
5790
6245
4714
3887
9740
5877
6023
6253
7281
4181
1639
9365
7106
6245
7006
6664
547
4643
2485
9801
2016
4681
8263
1701
8748
7573
1756
8670
1858
1684
129
4691
5229
3446
3348
333
3464
9144
9734
175
2501
9181
3225
7599
193
5908
1091
4734
3158
1989
5222
2127
8559
8020
9583
9420
4287
2111
7917
2680
2380
9993
6684
2057
2459
3997
2211
8931
3165
9964
7857
6535
4616
1935
6114
6639
1393
9084
687
567
8136
3477
819
9586
3786
4129
6934
5198
5109
8400
1941
2818
9423
3985
325
1863
1936
6322
6993
6702
618
4705
1780
4654
5532
4195
94
824
2032
142
7
585
2154
7960
1692
7840
899
6264
1710
9060
1526
74
3721
4370
228
4912
6159
2733
4547
3409
9460
5097
7695
6988
2919
9308
1312
3556
7581
7435
8263
5843
4422
4271
9661
9791
853
8914
4000
1948
8041
6965
7021
2958
3448
9788
6450
8200
9162
4949
3115
3637
4866
6059
9105
5252
9189
3371
2848
3135
6638
6176
5941
7564
3136
8620
3646
2165
1431
3991
2000
4508
2293
9011
3540
7102
9545
4280
575
7436
8159
1312
7536
4890
6184
8811
4283
5669
1440
5977
5201
2647
4942
9301
5396
799
8139
4668
4147
1398
8809
8427
8277
1655
5639
2933
6470
7329
3304
2603
1539
185
8212
9540
2900
7942
3108
1390
6750
4425
4958
6210
3637
3021
4702
430
4923
759
5562
6250
2636
1244
1053
1207
6602
6942
2045
2888
8587
6985
7236
3110
1308
7096
7202
5409
397
1521
3436
5797
4367
3463
9699
4879
2318
8099
5088
2718
9893
4921
4618
1643
9040
2307
23
4487
4005
7917
765
7292
5217
2461
9213
1050
3113
6333
1382
1177
1506
8408
5085
9269
8452
8938
6447
4945
4413
8842
5514
3850
241
561
4423
2555
1226
2711
5234
3702
4377
9258
5866
3894
9881
8044
1440
3182
2042
2277
7250
7188
2895
8972
814
1422
5092
9466
513
6612
7128
7183
9928
9529
90
6242
4458
3445
1914
4739
3833
4624
6742
4416
1093
1332
1299
873
8013
9838
7858
8006
4167
8982
4718
7420
5280
3508
514
9724
5971
6751
8343
1130
6407
6813
9716
7642
2632
1959
994
6204
7306
1419
232
336
4748
5630
6920
8895
7897
1739
4742
1917
7138
7946
7150
4684
4766
1793
9343
5542
3198
9179
7397
3711
8011
8933
1885
2562
1584
7795
206
9655
7291
75
6748
1661
5498
6644
7224
9685
1677
4480
9347
7095
7002
8486
3555
9969
2656
6150
8647
5089
9410
2063
3029
4424
4325
2416
6371
5491
7991
2423
8895
6924
2242
8752
6329
3922
1883
1877
9896
520
8013
5662
4730
8072
3953
719
5925
4200
6708
9342
1078
7421
5739
6482
9210
562
338
7164
2363
6003
3740
6417
5355
648
1212
260
2742
8142
6691
5023
1904
4955
6642
9175
1034
7016
7822
8961
7628
5550
9525
1300
5568
9554
7481
3562
7489
2501
3056
9450
6028
226
1037
4643
6691
305
2198
442
7118
9510
6903
837
8273
9549
1532
523
6681
9504
8325
5256
3517
5934
9503
7677
3222
2576
8547
7795
1291
7340
6373
589
142
5979
6354
8872
5409
274
5886
9410
6169
7136
3926
4588
2103
8856
5413
9233
7465
4062
4846
5253
2602
9757
3438
2121
9827
9874
6211
733
510
5790
669
1129
1767
795
2201
4752
9262
5576
8661
2933
9529
674
3527
9287
5550
3868
7304
6718
8580
6310
6731
6957
2693
2361
6202
6062
45
3058
6219
879
8105
1137
9345
9839
9677
239
1832
4324
4512
1940
8772
2320
5750
5217
3138
9133
9725
592
4651
9671
7389
7304
3608
7923
9015
5250
1465
7317
9103
3788
4805
3829
9660
1188
986
2937
4756
2309
156
2748
7620
3385
5278
1917
9104
490
5318
7303
5755
4802
9140
6474
9728
4973
1143
3080
5448
2435
6424
7442
9502
9754
1060
729
7813
6092
2267
3217
716
6641
5864
3437
3780
3545
1589
8164
281
4067
2357
3519
4279
5060
3613
1434
2585
3719
971
4360
4582
1074
5564
6027
9478
6450
8670
4814
2981
7222
2644
2376
7248
2561
9918
4325
6213
2286
5786
7708
5354
5022
76
9847
9678
1766
53
2111
6260
5098
2870
6790
9679
5770
480
7498
2992
2320
1685
5395
9000
6497
8247
546
316
1786
6322
2130
3853
9817
8589
472
3155
5156
6502
2046
806
5809
6290
4766
1308
6349
3937
1016
6107
3070
7962
9232
5322
4182
1213
3057
8989
6096
619
158
2066
6921
5117
7680
9185
6308
2825
8927
4586
8237
9306
4782
4345
8570
2792
8416
892
3363
3630
8441
5298
328
1732
5310
2328
3988
3619
275
5086
2970
1234
4286
8782
839
5944
8613
3538
3690
679
6759
5564
1651
7734
1120
6242
6691
3820
2673
9823
6680
8631
8146
8413
2934
3335
530
8673
7370
1848
6469
3598
7661
8097
3626
620
3390
6410
3862
3557
9926
1194
762
2924
9867
8285
8079
429
9014
7447
6525
2390
3079
162
63
2109
7395
5166
5426
4691
4348
3459
5794
3960
398
6936
2940
2678
2410
2266
6107
6177
7187
1652
6409
5466
3256
7016
9310
1114
1852
406
3821
422
3534
1748
9404
21
3550
1277
9506
6230
2628
6404
186
6824
8807
5891
4540
5380
1420
6327
8944
7565
6619
117
7529
9273
6508
8979
7319
656
2638
9533
2687
5881
360
2623
545
1593
4386
4598
5617
4063
7236
1489
8956
4520
6614
7943
50
137
8785
5367
1400
2562
6962
3975
5681
4081
1428
7566
1862
6787
8785
8785
889
6070
7943
1314
8607
8427
5544
947
2790
2775
9123
7305
7344
8592
2162
9794
2869
7480
6884
8200
9839
3322
9874
482
4192
3582
2666
5212
2209
5607
4505
4567
8098
3542
2894
9628
9607
843
4863
4234
4652
5637
6440
4059
8020
2455
9678
8903
1008
3111
4736
5746
1336
182
453
6296
1650
850
6365
1439
3838
4871
8276
3346
1714
6327
4681
7349
4013
1323
9672
8683
8791
7192
4549
8490
9886
2145
8079
6951
735
5454
9682
5986
9597
3090
2844
5291
7694
6294
7304
6358
7066
6089
8929
5983
6248
7129
7675
8851
1303
5977
2889
4676
66
8591
4139
4401
3010
6518
4279
5549
9579
8837
2892
1818
9192
4334
3481
6919
7190
6323
1734
8232
9010
6272
7614
3119
5944
8821
4208
2566
5233
48
1669
2525
9046
5050
6068
938
9954
1385
2573
4051
6150
7282
6692
3003
1576
1784
9798
1991
7551
1159
6079
601
2485
8071
385
3505
3845
9572
7853
5393
2907
8272
9410
5548
9087
5769
3521
1668
9493
5569
1562
9521
3703
670
6625
3133
5086
9732
8617
5664
8206
7398
4531
197
4955
4629
2365
5275
4162
2139
8418
345
8188
455
6701
2058
2221
1206
7635
1023
8636
982
8993
7951
2505
6041
9721
238
1113
9720
406
3654
2838
1099
4287
1718
6093
4657
5275
8157
1758
6151
1282
1353
3904
7279
5074
1123
5201
2615
2722
7629
748
7837
1412
2735
1525
6546
1601
1204
3614
3424
236
8208
530
2263
3384
6293
3774
2462
4846
9124
8267
9569
6313
724
3505
878
4409
1871
3050
4265
6670
7893
6385
3726
4199
2719
7024
2750
5213
8311
7980
5660
9520
4554
3685
9503
5418
3287
1951
8563
5404
2684
4716
946
3442
7436
3682
4122
6716
2517
2007
89
5324
4095
3359
1658
5872
4841
8008
9602
2197
9259
2678
5935
1279
6743
8570
2139
6998
3593
8722
618
695
4040
1342
8579
8435
3087
6622
5297
326
6589
5467
9903
521
4307
7826
9783
2489
8599
2282
4531
6758
3692
3660
615
1678
3570
9479
5583
2634
7382
49
9865
7427
3236
6776
6269
6211
2495
79
8183
3280
828
6891
8911
8735
6839
5126
660
8026
9642
4621
1677
3861
4648
740
9709
1150
7807
2722
1493
2027
3312
540
8221
3624
2959
1864
8803
3872
5988
1491
6734
8764
9921
6446
8718
3066
8545
6985
8914
323
6529
4901
3761
6179
2062
5704
2467
8532
2383
1935
6429
7390
2595
256
41
1035
5667
1024
755
2310
7494
527
6153
2464
7334
4038
3330
5284
8654
3390
5620
1647
2923
2124
1214
8169
7002
6059
5482
6015
5979
1248
6026
5755
9026
4028
7726
6698
8695
480
8883
7900
1796
6146
9237
3741
7978
8558
4719
5147
7748
7702
231
7856
9318
4314
805
5868
5015
8736
823
3853
4342
9092
4406
762
4882
5648
8033
4834
7979
5067
3456
9365
9745
1496
6653
1377
2116
3443
5649
5663
8049
6848
5167
2349
3853
5191
6710
8113
8415
7187
4327
5618
6649
940
5865
7475
720
5418
7858
1839
9831
2315
9174
6266
3243
4771
6423
2355
2981
7863
5633
4075
9797
4726
7932
3330
1093
4432
948
3608
7440
4987
4376
8294
6484
2607
7448
9695
1121
8800
209
1814
1093
1328
7970
6605
8864
1329
6581
3226
988
4267
3862
7504
2111
2148
5266
4617
98
2946
2946
8686
4155
3826
5635
3509
5034
3218
815
3563
7218
4045
6446
9142
8813
3852
4171
7893
1116
9885
5409
2582
5882
8077
6461
9276
6479
4269
3913
1647
2725
727
8580
4627
8492
4721
2159
8997
5426
7258
1833
8103
2524
6995
4847
6832
3063
9987
4418
8333
6895
3272
566
5299
9731
507
9365
417
770
8582
2718
8473
3233
534
2360
9042
8499
3837
3205
3859
280
8996
2190
1060
8334
7230
3914
3773
6857
1492
4022
2055
2821
1558
8901
131
6977
4509
8682
3226
2279
5052
8990
9321
4155
3472
5044
8621
2891
5967
9288
5330
6400
2811
8412
5321
5750
5814
6904
2756
3884
9510
2037
6966
6546
6528
1476
4527
422
4748
5941
9837
3570
7674
4960
2272
6495
9460
9922
8839
4117
9440
6663
6735
1707
2048
4413
2467
5016
7961
5605
9762
9796
4839
807
915
8479
5326
9874
6878
5745
2288
2414
8624
8890
7345
6890
4763
8209
5982
5536
7310
8679
3756
7118
5761
8311
8713
2288
8264
7543
3484
8182
2442
8986
1936
6001
2999
1521
4487
2655
6776
2298
1009
7657
1843
5218
3973
7931
5158
596
6779
2029
9240
9094
7400
4400
888
9016
6479
5817
9978
3163
7629
243
4456
7197
5515
511
6146
817
617
5390
6875
3553
306
6771
2939
4893
6881
8687
653
9564
7307
8745
7437
1168
4960
8255
2218
3646
5757
2161
4691
2056
7340
7933
8800
3503
2840
2268
807
7679
2822
4902
1053
9134
8038
2752
9823
7603
9390
4747
5319
1327
555
2857
226
9437
4303
4702
9932
5650
7671
9875
1871
2577
2489
7052
1524
7828
3829
7059
174
3719
579
5481
3400
7011
582
993
4402
9731
9170
9386
2431
2691
9109
1063
6432
9437
5567
3816
3817
2395
2474
4077
2558
6323
882
7037
4122
2000
2184
9282
2848
4683
3992
3154
1134
4260
1217
5018
5122
7171
2107
5044
2713
7156
7397
3492
7073
7246
1591
7297
1919
5361
7480
3382
9405
4965
6476
7040
9545
8832
8856
9984
4944
230
2968
8084
2789
6307
9731
6831
3309
8236
11
5959
8181
1067
8214
9964
7175
4708
7005
1392
3212
7073
8704
8999
3235
4588
9114
9489
5328
2716
4174
7004
9273
8397
6022
9004
1061
4184
3278
4511
6979
3709
2260
7959
2735
1588
3774
1454
7896
1931
8331
5602
4815
1183
9914
9611
8531
2522
4013
3525
3193
4097
3406
3086
9809
2708
8087
6743
7159
2249
6048
6133
2411
4218
331
1255
9338
6655
78
6305
7320
2185
4302
7995
2686
2463
7103
4836
3052
8653
3364
8532
414
1833
4828
4081
9471
7422
6475
7165
5465
3623
8643
2848
6925
9043
2845
7677
3625
5953
2229
6984
4470
9501
8026
8449
8661
2314
9682
8682
9173
7958
159
9323
731
7385
2254
8690
2868
9551
8977
5406
4494
6509
5773
2523
1819
2303
9109
6385
3194
8116
2008
3849
3185
757
7891
9789
4611
9071
9906
9947
8613
1821
6543
1598
4151
7746
5546
7363
7887
3158
8077
5653
3526
5329
7016
8455
9208
8110
8992
4192
2702
2789
3618
3913
798
3336
2205
6718
9146
1559
920
2716
1044
7194
2480
9430
2282
4723
3742
4249
8353
3227
3722
1758
3239
814
4421
9093
8456
8977
3034
3675
1143
6783
317
9201
3206
1421
355
6490
4346
6000
1828
9972
8689
8210
1906
1841
2727
4477
5990
5399
4987
2414
9208
1812
3063
3016
680
1884
6524
3992
7874
2468
9968
5378
536
636
4546
2230
3057
2323
4521
9263
772
9202
1178
2745
487
6265
394
9277
1366
6834
8135
2482
4244
5317
1968
6911
8302
8934
1291
8995
8297
3913
6789
7218
7425
5719
4283
7694
3847
1135
3707
4912
2298
8486
4530
519
8311
9413
7677
3197
8734
1351
9555
9711
2610
5697
6808
2237
7598
3801
1224
1283
18
9913
6405
5920
2201
1940
7372
5510
991
1755
5469
2600
4929
6953
6598
3148
1559
8462
2345
2885
7525
1979
4578
3580
7038
4630
3823
4762
8573
6334
7814
5396
2778
5274
7359
5333
7662
4534
2663
1477
7882
6905
2595
8177
5799
4092
1551
2225
8487
9183
1609
4751
9926
233
1929
9897
307
8794
2767
1896
4169
333
3833
9205
7327
6516
3768
6773
8016
8741
7489
7447
610
7354
4769
8756
5067
5573
3462
6915
3555
9831
5213
576
1160
5529
494
3569
9476
7115
7947
7687
3735
4817
6585
8056
4054
6250
231
1081
6386
97
4158
506
1242
8805
809
4171
6416
5790
7254
6037
7354
2453
5247
2511
4768
7426
666
2323
9823
7216
9785
6752
1777
7560
7581
9082
7720
6486
9180
9097
2280
4518
450
5470
7823
3786
2861
2005
9434
9345
8155
5270
2859
8763
6161
5641
545
9521
7052
3754
1711
8525
6538
9549
7648
7259
7173
4846
9175
4832
9033
5505
961
4161
9479
6421
4722
6925
1117
6613
3128
3670
7661
5758
5580
4350
2959
8983
9315
3979
9198
2840
4759
5938
3596
9213
2914
6060
4294
2218
460
1328
7584
5226
9567
8147
6862
384
8254
9830
9457
3489
4640
4846
1874
8250
8139
9133
1814
5825
951
5802
1784
8921
9411
1342
5232
8405
2041
680
3297
3696
5604
4891
3613
6092
4071
7111
4587
6424
7627
2689
3541
4078
365
3362
4586
1323
9642
2766
1143
7542
6013
9690
8688
6119
4985
4820
8444
6843
9299
4119
9649
3228
2280
1560
5576
231
1733
6959
6269
5421
1941
3697
3895
3926
1612
4752
742
6211
8427
5490
2497
3221
7118
1254
3655
1974
5228
3119
6670
2369
8502
4718
8539
263
2256
9790
5677
1762
3447
5443
9613
5418
8895
4708
8930
5075
3525
1729
4029
4396
2340
1515
8452
242
7216
9461
7967
7465
8021
2741
6522
8868
708
4709
8156
1200
113
8017
2382
8114
8440
5457
3411
6175
8304
4933
5225
9667
6942
7268
9235
988
1335
2366
5005
4377
8253
8346
129
7705
7941
6513
2507
8725
2753
459
7936
8079
2011
6179
3235
9826
4081
142
2288
311
8078
1976
7424
5965
2112
7217
9707
43
8151
7433
9682
4508
954
1814
7957
1475
3871
504
65
233
2816
5604
1101
2995
6979
486
366
140
119
5036
2540
584
6398
8452
1251
5643
2474
1723
2116
8508
21
8757
1190
7401
7460
5046
2719
539
4513
1228
8379
4456
7833
2180
4779
9352
2657
7200
9296
4662
8670
7730
6633
2320
8372
7429
9424
3627
6995
9905
3222
7682
44
4219
3169
4115
442
9668
4784
6541
2399
7463
5098
7156
7708
3552
3081
4457
3021
4294
4734
7481
8255
6779
9571
2499
2255
4977
1867
3456
3606
8387
9491
1977
9847
7620
1982
6427
561
5710
1709
9853
1033
4925
4576
5497
4427
4787
7334
4440
7876
4326
8083
2223
3237
8097
2412
1428
8447
5547
3194
3842
6261
6487
8940
7628
5411
7700
4800
8990
9193
3541
2858
7559
2176
4653
1463
983
413
9228
3544
1190
9822
3638
4471
7820
5448
4179
7507
1837
2807
8609
4835
2022
8294
5918
3804
9237
8658
3017
6566
4884
656
2713
6257
718
1039
2193
4620
8962
4873
5456
6546
1513
6728
8615
9549
8173
4683
309
4539
4071
8062
1669
9164
8666
5648
4675
3155
8879
5167
2312
5834
4244
2893
7297
6941
5961
2717
5850
9948
823
4956
8002
5957
1782
9726
4712
4262
2830
928
9057
6536
9849
4161
9068
3934
1665
3995
1528
9009
6495
3847
3518
9347
8746
3216
8455
256
9543
3255
5788
2558
9729
6932
1475
1806
5621
473
9195
6956
4751
7248
3418
5370
3921
9854
2591
5708
9007
9443
1217
5962
1250
202
7857
7146
3183
5799
782
6954
2778
1137
6821
3489
6539
9463
2399
1460
9982
5924
3955
4287
5333
649
4304
599
5667
6951
2272
7283
388
7754
9234
3057
5401
1326
9833
3126
4703
3352
7348
4624
4547
2178
2550
314
9685
2031
7316
8396
8149
3337
6948
5797
848
1831
4475
3649
7623
5614
7306
184
3459
3343
6899
8359
9413
3705
1741
8687
5389
2578
8147
2099
2659
5084
5311
9993
5877
5727
4636
3392
8469
682
4375
5375
5880
7120
5095
176
6460
837
4251
2406
7756
6683
4264
405
7094
2886
9770
7727
5655
7132
6290
7960
7807
71
9019
21
1993
7919
5728
7162
9041
783
709
3657
9664
4101
2312
5462
7855
8411
8695
4524
4939
5097
2727
943
8972
6198
6350
145
903
7071
8857
5302
2336
4705
8439
8805
8572
6361
8881
9162
1754
6122
4184
7215
7265
7601
1968
7187
2346
3140
958
6109
7527
9063
4029
1706
8677
2659
8326
7472
8160
5862
3157
5998
1799
182
5102
5587
9873
1404
2318
2353
8857
9877
4447
8743
7267
155
8323
6675
3553
1995
8690
9382
937
553
3045
3081
855
5468
7613
1864
2325
2874
9691
420
951
8098
900
8169
664
1096
4145
5618
4583
1337
2603
8601
4191
1658
6316
3080
2067
5215
505
2870
9952
3555
2932
5758
2265
2373
3435
2872
7695
5984
1600
6179
8735
4388
8067
9527
841
9205
3347
105
3453
6043
9044
6298
312
2794
2279
517
8287
5688
7071
8570
7525
6559
907
1826
1187
6298
4278
9719
9824
8217
7969
9079
2181
2402
7444
3835
8208
8872
5137
1452
5459
1367
9449
2658
8133
3624
760
8684
4721
2906
2922
3907
7224
8771
3957
9023
1258
8671
3467
3049
3807
3601
9262
5668
1358
8030
3847
8285
2476
6150
8998
124
3519
9526
5461
7735
6025
1423
9816
6094
1194
328
867
5855
440
8731
1115
5120
7988
4513
9693
3657
3127
2460
5133
446
9650
8004
4883
6238
2007
3972
7426
1203
6781
8549
2169
3690
8399
1069
4934
8601
5200
6478
7549
5165
2540
4464
9065
3074
359
6771
6756
4634
2988
1043
3158
4356
592
1072
3657
4689
7422
7440
6348
2970
7921
7385
8358
4931
3030
699
4488
2963
4694
5364
4597
9005
5749
8138
1012
4256
7826
6797
6376
8163
7996
9916
6050
9601
187
3437
9340
4297
1042
9651
5197
8767
8925
3798
8194
27
9397
2334
884
2343
6580
7417
3433
5102
9351
7050
1855
3491
1496
6536
715
25
1143
4755
1075
4453
6187
2426
5576
9165
4450
2434
7649
2362
9754
6881
2534
1942
107
7386
9992
4353
6386
4945
2702
3439
4703
4085
7545
215
3756
5346
9007
818
3507
8308
4765
9503
6233
5882
8902
7525
9567
4783
920
7227
8055
4378
8117
2864
539
5920
7401
3186
9023
8794
5936
1222
4688
2254
6360
7779
134
7671
9997
8169
5033
3048
8387
982
5005
430
5156
7131
8534
662
1045
5782
2103
7082
1812
7980
8870
1368
825
5481
8772
6399
6111
9409
3202
620
8994
221
2109
9468
6641
5298
7727
9527
6799
2254
9080
8667
9233
6694
7728
5858
9405
9285
7233
45
7753
308
6634
2571
9960
7977
8846
6922
8631
106
2172
3367
334
3841
2476
1058
5586
9795
7079
4804
3921
426
112
4917
4133
5940
5994
4468
1961
1359
489
2116
2722
7276
5448
4936
1679
9225
1221
3814
2416
5342
2141
3692
307
9883
2507
6961
4358
7573
6976
3890
6601
4350
3093
2515
6617
5168
6619
9534
6760
7928
6879
580
7947
5977
7898
5225
3866
6111
7662
832
9970
1681
3101
1626
6997
2092
2441
9862
1081
5035
3853
7314
3245
1994
7241
9525
6361
7971
8574
1027
8067
4470
5579
9787
5866
442
5260
6034
4396
8132
8283
9164
9575
1931
5809
433
455
9972
5822
4231
2408
4869
3412
9751
4013
6173
7337
2303
834
9387
2501
5554
4621
9630
2772
7634
2593
5821
2882
4719
4982
485
1918
6936
5085
8422
6865
9871
7418
8636
8936
7220
4465
7340
7409
1728
5404
4092
7371
461
1177
3330
8387
6418
3673
2337
2268
8621
6630
5025
3388
9107
4268
7247
553
2974
293
9926
1310
3721
4671
2380
5907
299
1630
3634
3197
6734
3410
5083
5617
3182
4858
2867
9991
6325
6496
1912
7010
6063
4634
4060
6745
6632
6114
3512
2633
1383
9094
1414
9470
190
8657
8240
773
5374
2239
5388
1250
5175
1198
9209
1789
1577
5764
1505
7242
5226
4855
5035
7113
427
7294
7385
9659
2613
5363
4354
8985
7955
1293
1023
2420
6374
1749
2981
8767
6036
912
2317
5766
5600
6660
126
6597
1951
4518
3797
3289
6668
1271
6571
862
4549
1584
7286
3248
4593
9188
8989
7213
9284
9966
8603
6469
6803
1951
437
5306
483
1085
3035
4579
9335
7817
9599
9331
4537
9306
12
6578
2823
2585
1051
5389
8121
272
6229
9951
4943
4238
7425
6049
2885
5532
9978
9336
1584
7355
8751
6525
1613
7962
3614
5993
2929
8616
4512
9243
4389
9517
1658
6755
8261
9524
1128
1964
245
420
994
7387
4144
2118
4169
9528
528
6873
4101
4579
4919
6087
552
2564
1492
2983
8969
9556
2865
3760
7042
1142
5272
4113
4522
4699
6186
5896
1417
4946
8111
4968
733
6652
9542
1057
7387
4109
5126
732
1815
9474
5003
9579
7151
9593
5021
9981
4376
6388
4457
2942
9155
7123
1486
3386
4094
7548
1410
5193
8512
1345
5210
7000
7556
8531
4384
8671
1341
9611
2589
9295
7489
6560
833
2681
2790
9944
5871
628
3527
8841
769
7536
6371
4765
6842
9688
5342
1800
1333
9328
8867
9584
2387
5900
1013
4350
6899
7028
2679
4983
8498
2473
6219
1750
3063
9491
5360
6496
4581
3028
7156
7904
6393
9125
9027
1744
4173
5741
4597
6121
9006
6237
9506
7547
7365
7629
4085
1007
8447
8036
4517
3422
211
1186
9894
9845
5541
8603
4779
6424
9795
3832
3177
2133
3451
4232
1772
1472
4870
435
3663
8743
4668
1866
4077
2253
3408
9668
3457
1846
2078
5013
2944
9736
5750
3250
3534
569
6690
2479
500
5726
6929
7036
1566
20
1966
4713
7866
2160
9244
9414
1319
9384
4750
3218
8482
7321
5769
444
1436
3908
3468
2092
6478
1263
2798
7108
2812
7257
759
5701
513
2747
5039
5347
4404
5033
6292
5424
7680
1647
2135
4678
5652
5480
8764
7307
3064
9724
2448
8462
9373
9112
4873
5330
8819
3338
7640
2204
1102
4431
294
7745
1765
113
4723
393
6437
5443
7308
3592
8050
5607
9873
8200
4580
9203
3749
9304
6239
1047
4060
9998
5692
4327
7554
5673
5773
1745
9736
9971
3355
5949
8863
8926
6529
1621
7145
6385
5344
4372
3981
8721
5231
7869
9043
5704
5361
573
2821
3154
1583
8297
4211
648
5994
3862
4221
5237
9634
941
936
2110
3125
9089
6276
4772
8291
1337
2101
6619
1411
8878
2178
2215
8797
2088
1824
2516
3870
1659
2217
8367
3989
1307
6015
4994
2699
9635
5109
9576
8207
8482
5971
9524
9347
9370
7592
1016
6050
252
6032
2606
2214
6316
2799
675
8310
4981
996
5188
6860
1496
1150
8333
4104
1030
1612
9685
4179
1785
3380
5509
6445
615
4688
9117
7050
5627
5468
9079
4433
5091
3901
6502
4716
2942
2954
5877
4077
6605
6938
8266
5809
7271
180
9755
996
2643
912
8466
1341
8433
8862
9733
5146
3868
1564
7463
4053
209
2715
2928
8528
1507
1741
1134
6660
2405
6026
2196
5509
8506
6064
6542
5612
4989
7789
1885
1204
3847
285
6077
8482
8058
4018
7915
2754
3277
2414
3947
153
9011
5919
5826
365
7740
8497
727
9870
3266
1458
5560
3893
2785
1349
6075
4024
8928
8412
782
5642
1460
9763
905
9554
2190
4036
5601
4127
5118
2524
6496
6374
8758
6333
7153
9763
9071
6493
4634
7160
8467
6956
436
5640
3770
7435
3001
3701
1830
6357
4482
9899
6139
2578
3941
562
269
2961
861
2733
248
3989
749
6985
8037
3040
1104
831
4030
7367
4233
1346
9790
7766
7779
2323
613
876
1678
8525
7923
1789
9389
1770
4072
3044
9605
5675
2464
7185
8630
3487
4948
7173
328
5522
9463
8512
2631
116
535
9277
6184
7044
6470
5054
4405
8116
8719
3425
6860
9338
7005
4331
3633
2351
8239
6663
5889
2375
5368
3699
7713
301
4045
5446
5215
4244
1628
7268
6228
450
3716
3023
8011
8734
6751
8217
8951
9649
2920
1266
1632
2293
7260
1519
8204
5293
4980
1719
9223
1942
5333
7045
8755
8735
4757
6525
7133
584
1561
9275
1185
8883
9448
6316
2697
9438
6380
6630
6571
5181
751
4428
9318
4338
1424
4132
3641
3650
2679
930
4396
6629
2447
1879
3599
8948
1255
3293
6245
1992
189
157
6389
4418
2058
7682
9042
3097
4233
2290
7331
2242
6504
7026
875
2588
5756
5413
2560
6966
1697
3811
6473
8568
1974
7261
6942
9791
7548
7388
1225
2498
2125
7209
5335
3841
2546
710
9077
719
7502
3466
5690
5740
2145
6073
4120
7457
9478
4705
5930
7248
9660
9968
5313
3275
9623
8461
3501
108
6816
9243
5352
397
6691
6805
889
5978
8211
7230
9589
9830
675
2052
7462
7267
9933
7107
8280
7818
6177
9461
862
6727
3699
745
2551
2819
3315
8881
3668
2873
7915
5066
8766
5213
626
8863
7178
3017
4921
4639
7044
5485
847
5968
3539
156
4667
2474
1184
4780
7648
7020
131
5777
295
4667
2119
2495
4865
8569
5268
8825
4337
9892
294
6614
5564
4981
8673
9960
6068
3918
3800
7496
8999
5524
3366
5987
6237
3700
5146
4066
3666
9409
7241
9863
7059
8751
5864
4069
4048
2582
2955
9260
5342
9144
3576
5393
583
4875
3218
4154
4695
8992
1711
3283
5200
6543
3575
2466
5986
4003
503
5410
5876
6988
8448
2977
1156
7170
9046
9016
6869
7878
8152
5141
760
854
4724
4238
903
4976
1436
6555
7461
8078
2897
3767
7009
9579
1293
2720
3067
2040
2299
4450
9287
6483
6295
3921
8637
6769
1417
5153
8873
2638
3210
9720
8580
8364
8822
6877
8921
1059
1406
5963
50
7853
3613
7393
3073
5961
4192
9483
2374
8728
7869
7193
7523
8901
4658
7419
4687
4508
6847
1101
2369
7840
990
7376
5237
9005
9760
8775
5561
4169
2240
1429
9421
3772
2259
5830
8712
7346
5802
675
1879
7165
7763
188
9355
1570
6667
2905
7496
1487
4683
480
4605
9123
1928
6950
3105
6995
2417
1586
8934
5499
1438
7986
4354
1535
6397
1422
6972
4834
2485
5244
4397
7511
4709
7719
5724
4803
6370
9486
3057
7117
3619
8394
4698
6615
8845
2742
9095
7263
5193
5351
7341
4494
7051
6629
9839
2995
9524
7680
3133
3554
3921
8856
4877
116
3265
2808
3159
6384
6342
2496
4905
8056
9787
92
5897
2488
7873
2688
3141
7121
4181
4209
7942
3361
3822
4548
2580
5510
4762
3019
4039
6397
964
4521
3533
5784
7772
6379
4118
693
4571
2850
1888
4373
9279
2295
243
2454
412
5466
2855
9953
4227
4224
579
9551
7053
6095
8252
4917
8350
4689
9946
5158
7539
2568
8331
4668
8915
7859
5176
3185
6066
2120
6615
4603
647
656
2729
7122
1701
6800
5081
824
878
2423
171
3648
100
1660
658
5301
8961
3639
6167
9810
4760
2898
6316
6203
3555
5881
7097
2685
2771
5452
4885
255
9407
4447
559
3357
9328
6946
2841
9435
128
9706
5502
5269
1703
9693
2923
6745
1183
2518
1692
5240
3703
2002
7433
3218
1206
3931
9189
4371
6193
644
9328
7601
402
2113
3943
3194
5586
3221
9695
6870
1380
318
6174
9362
2437
8054
1911
7386
8420
2288
2134
6820
5662
2582
8905
5495
6023
8019
3291
8041
251
722
5895
1604
6654
5844
613
863
301
239
8053
8073
7030
2023
5967
8048
3268
8821
846
4284
471
3264
4277
6062
8032
137
8138
8208
8883
5386
1530
4939
8208
2072
3510
4326
4858
8263
1455
5869
8697
1205
2673
5507
445
7409
1474
49
2765
8951
5024
9275
7766
9967
7683
5455
1779
6245
5342
1096
5109
682
9134
5233
3456
9484
4635
9074
4977
6985
7338
6674
2087
4412
6097
8314
1209
518
1731
4839
1799
6781
7574
3798
4051
8076
3918
3665
4773
1262
8346
8007
5827
8843
8133
1483
1469
8934
3374
646
3226
1602
6949
3706
6149
729
4126
9955
4579
3813
5475
7037
3796
2792
9146
2119
5599
1042
8103
163
8045
3113
8002
3664
1679
5887
8713
7369
3766
5937
4531
8118
9451
5034
2746
6760
5597
3019
5330
5080
5050
2924
2694
2454
8433
2952
1206
993
3277
5612
4462
5429
1770
3348
4672
2419
6316
2015
1048
5685
1552
7940
3633
6215
2739
7214
821
4862
3331
1058
1692
5200
1446
9970
3671
2574
85
8325
2233
693
2647
5106
343
8213
4667
1791
4366
6273
3579
3313
4366
9989
6698
1155
5674
6774
366
6388
520
6201
9807
8982
9970
3619
9903
2915
8134
5821
4588
3026
3349
9337
3990
570
4840
4000
8583
5142
5755
6460
8192
2036
7656
8196
4225
1427
8154
1780
4534
6382
9521
1057
7059
4499
2947
8697
8732
88
5359
5953
6420
6729
5612
9059
4350
7310
1031
3427
4442
8472
6486
5240
4847
6818
1067
4131
6362
3552
6844
9942
932
6142
8252
9964
4763
3104
8183
4393
1274
1324
6587
3424
2902
7629
2241
1921
4382
1721
3037
7320
3063
1435
6663
2620
9829
2844
9653
1370
9516
545
9972
6045
8756
7469
884
9227
1979
3095
7224
4089
4556
4058
8118
2999
3995
7351
6841
6384
1704
2475
2112
9012
3807
7199
5394
5557
5839
2960
6978
7105
6780
9147
1009
7455
8763
2621
3742
4619
3562
6673
3264
4757
154
2901
950
2465
6584
580
9212
9348
7135
8887
5368
6454
7064
828
6341
5369
5598
1454
7228
3505
9693
3369
608
5650
9229
993
3287
288
5595
453
3402
342
9476
619
4664
2965
8831
2250
7654
7828
42
7476
5082
130
4621
2796
8539
9887
5876
3386
2119
2571
9285
8256
4445
9971
3628
3031
452
111
1700
6883
6539
471
760
3808
3436
1394
9302
1080
98
9971
6884
9999
9652
9953
6559
4655
6364
3384
3954
7486
2086
6847
2870
5427
7388
9076
3939
6115
3389
1909
3962
4306
1701
3766
962
2618
479
5956
4847
2997
2991
9816
4371
2396
9457
186
536
1682
479
3757
1624
3402
7675
2332
1685
6023
490
1672
5187
9710
9409
74
3536
5834
2755
2029
8567
6707
2937
9775
84
4069
9664
1840
968
7556
7019
6799
2303
2227
2868
8662
2259
98
2119
8340
1322
2958
7760
7047
3736
7708
3282
1597
6245
3273
1720
8429
823
1003
3330
4261
8841
6053
5162
4132
3665
8068
4844
4771
8409
33
1589
7040
3670
2584
8145
39
7428
5963
2934
4408
2536
6609
6672
6776
3052
9801
480
7436
815
2822
702
7181
7761
7665
7631
737
9254
6913
1003
7467
6205
8525
847
893
9848
8701
2261
5880
174
603
6394
5963
2184
5824
1175
7672
1339
4617
2564
188
1398
32
2008
7387
3841
1680
1597
1771
4121
8351
2901